0.02	0.069	1	19
0.04	0.069	1.1	19
0.06	0.057	1.4	19
0.08	0.047	1.6	19
0.1	0.046	1.8	19
0.12	0.047	1.6	19
0.14	0.055	1.6	19
0.16	0.102	1.8	19
0.18	0.131	2.2	19
0.2	0.148	2.8	19
0.22	0.156	3.5	19
0.24	0.176	3.7	19
0.26	0.191	4	19
0.28	0.185	4.5	19
0.3	0.162	5.4	19
0.32	0.152	5.2	19
0.34	0.153	4.9	19
0.36	0.163	5.2	19
0.38	0.156	6.2	19
0.4	0.15	6	19
0.42	0.138	5.6	19
0.44	0.133	4.6	19
0.46	0.116	3.8	19
0.48	0.105	3.3	19
0.5	0.092	3	19
0.52	0.082	2.9	19
0.54	0.09	2.7	19
0.56	0.109	2.5	19
0.58	0.13	2.5	19
0.6	0.148	2.7	19
0.62	0.145	2.7	19
0.64	0.143	2.4	19
0.66	0.128	2	19
0.68	0.102	1.9	19
0.7	0.087	2	19
0.72	0.077	1.6	19
0.74	0.071	1.2	19
0.76	0.063	1.4	19
0.78	0.061	1.6	19
0.8	0.064	1.7	19
0.82	0.067	1.9	19
0.84	0.07	2.4	19
0.86	0.094	2.5	19
0.88	0.186	3	19
0.9	0.201	3.3	19
0.92	0.177	3.4	19
0.94	0.181	3.4	19
0.96	0.179	3.2	19
0.98	0.159	3.5	19
1	0.151	4.6	19
1.02	0.141	5	19
1.04	0.138	4.6	19
1.06	0.15	3.8	19
1.08	0.162	2.6	19
1.1	0.173	2.4	19
1.12	0.151	2	19
1.14	0.125	2.3	19
1.16	0.116	2.6	19
1.18	0.117	1.9	19
1.2	0.109	1.8	19
1.22	0.107	2.8	19
1.24	0.108	2.7	19
1.26	0.153	2.7	19
1.28	0.221	3.3	19
1.3	0.232	3.8	19
1.32	0.218	4.5	19
1.34	0.207	5.4	19
1.36	0.202	4.8	19
1.38	0.216	4.3	19
1.4	0.221	4.2	19
1.42	0.221	4.6	19
1.44	0.221	4.3	19
1.46	0.214	4.3	19
1.48	0.193	3.8	19
1.5	0.194	3.3	19
1.52	0.2	2.6	19
1.54	0.22	1.9	19
1.56	0.224	2	19
1.58	0.202	2.4	19
1.6	0.186	2.9	19
1.62	0.183	3.1	19
1.64	0.181	3.9	19
1.66	0.182	4.4	19
1.68	0.182	4.5	19
1.7	0.17	5	19
1.72	0.159	5.3	19
1.74	0.162	5.2	19
1.76	0.188	6	19
1.78	0.216	5.3	19
1.8	0.198	5.4	19
1.82	0.177	5.6	19
1.84	0.19	5.1	19
1.86	0.283	5.7	19
1.88	0.415	6	19
1.9	0.52	6.6	19
1.92	0.678	6.4	19
1.94	0.714	6.6	19
1.96	0.69	7.8	19
1.98	0.728	7.6	19
2	0.765	7.5	19
2.02	0.802	7.4	19
2.04	1.07	7.3	19
2.06	0.838	7.5	19
2.08	0.641	8.7	19
2.1	0.516	8.5	19
2.12	0.433	9.1	19
2.14	0.419	9.9	19
2.16	0.396	9.9	19
2.18	0.32	10.3	19
2.2	0.25	10.1	19
2.22	0.214	8.8	19
2.24	0.201	6.8	19
2.26	0.17	6.3	19
2.28	0.161	6.3	19
2.3	0.164	5.7	19
2.32	0.164	5.1	19
2.34	0.165	4.5	19
2.36	0.178	4.2	19
2.38	0.191	3.9	19
2.4	0.189	4.4	19
2.42	0.199	4.8	19
2.44	0.209	4.5	19
2.46	0.204	5.3	19
2.48	0.203	5.3	19
2.5	0.234	5.2	19
2.52	0.232	4.7	19
2.54	0.227	4.6	19
2.56	0.211	4.5	19
2.58	0.202	4.4	19
2.6	0.203	3.8	19
2.62	0.202	3.9	19
2.64	0.195	5.1	19
2.66	0.221	5.5	19
2.68	0.24	5.8	19
2.7	0.225	4.7	19
2.72	0.203	5.3	19
2.74	0.193	3.86	19
2.76	0.217	4.34	19
2.78	0.223	4.46	19
2.8	0.223	4.46	19
2.82	0.11	3.1	19
2.84	0.1	2.9	19
2.86	0.102	2.6	19
2.88	0.106	2.7	19
2.9	0.108	2.2	19
2.92	0.113	1.6	19
2.94	0.118	1.5	19
2.96	0.12	1.7	19
2.98	0.118	1.4	19
3	0.114	1.2	19
3.02	0.117	1.3	19
3.04	0.114	1.2	19
3.06	0.113	1.2	19
3.08	0.116	1.8	19
3.1	0.123	2	19
3.12	0.145	1.8	19
3.14	0.138	1.2	19
3.16	0.13	1.6	19
3.18	0.119	1.8	19
3.2	0.114	1.7	19
3.22	0.118	1.8	19
3.24	0.121	1.6	19
3.26	0.124	1.5	19
3.28	0.123	1.5	19
3.3	0.12	1.7	19
3.32	0.123	2.8	19
3.34	0.135	3.3	19
3.36	0.169	3.1	19
3.38	0.242	3.7	19
3.4	0.283	5	19
3.42	0.275	5.7	19
3.44	0.256	5.2	19
3.46	0.232	5.2	19
3.48	0.212	4.7	19
3.5	0.224	5.3	19
3.52	0.312	6.3	19
3.54	0.373	6.1	19
3.56	0.348	5.8	19
3.58	0.308	6.4	19
3.6	0.302	8.9	19
3.62	0.295	9.3	19
3.64	0.288	7.8	19
3.66	0.373	7.3	19
3.68	0.516	7.2	19
3.7	0.542	7	19
3.72	0.488	6.9	19
3.74	0.436	6.4	19
3.76	0.396	6.3	19
3.78	0.35	6.1	19
3.8	0.313	6	19
3.82	0.312	6.6	19
3.84	0.311	8.6	19
3.86	0.311	9.9	19
3.88	0.361	10.3	19
3.9	0.426	10.1	19
3.92	0.653	11.1	19
3.94	0.97	13.3	19
3.96	1.124	15.9	19
3.98	1.302	17.2	19
4	1.507	18	19
4.02	1.677	19.9	19
4.04	1.783	22.7	19
4.06	1.643	23	19
4.08	1.48	21.8	19
4.1	1.472	20.5	19
4.12	1.463	20	19
4.14	1.455	19.6	19
4.16	1.575	19.1	19
4.18	1.668	19.6	19
4.2	1.621	20.1	19
4.22	1.478	22.2	19
4.24	1.426	22.5	19
4.26	1.374	25.4	19
4.28	1.322	25.9	19
4.3	1.325	25.9	19
4.32	1.46	23.5	19
4.34	1.78	16	19
4.36	1.969	12.7	19
4.38	2.169	12.6	19
4.4	2.209	12.5	19
4.42	1.979	12.4	19
4.44	1.9	14	19
4.46	1.874	18.2	19
4.48	1.856	19.6	19
4.5	1.814	19.2	19
4.52	1.874	23	19
4.54	1.895	26.6	19
4.56	1.86	30.7	19
4.58	1.892	30.3	19
4.6	1.924	26.8	19
4.62	1.956	21.2	19
4.64	2.411	21.2	19
4.66	2.515	21.2	19
4.68	2.407	21.2	19
4.7	2.167	21.8	19
4.72	2.108	24.4	19
4.74	2.048	24.8	19
4.76	1.988	28.3	19
4.78	2.179	27.9	19
4.8	2.188	24.7	19
4.82	2.127	22.5	19
4.84	2.033	22	19
4.86	2.042	21.4	19
4.88	2.034	20.9	19
4.9	1.975	21.2	19
4.92	1.824	21.7	19
4.94	1.702	24.3	19
4.96	1.603	24	19
4.98	1.536	23.7	19
5	1.503	23.4	19
5.02	1.575	24	19
5.04	1.658	21.8	19
5.06	1.742	18.9	19
5.08	1.825	16.5	19
5.1	2.016	14.9	19
5.12	2.506	14.3	19
5.14	2.474	13.7	19
5.16	2.394	13.1	19
5.18	2.363	11.1	19
5.2	2.313	10.9	19
5.22	2.188	10.6	19
5.24	1.91	10.4	19
5.26	1.619	11.6	19
5.28	1.356	15.8	19
5.3	1.071	18	19
5.32	1.033	18.1	19
5.34	0.995	16.5	19
5.36	0.957	11.3	19
5.38	0.976	10.2	19
5.4	1.157	9.1	19
5.42	1.293	8	19
5.44	1.724	8.2	19
5.46	2.155	7.9	19
5.48	2.848	7.5	19
5.5	3.415	7.2	19
5.52	3.908	6.3	19
5.54	4.318	86.36	19
5.56	4.662	93.24	19
5.58	5.091	101.82	19
5.6	5.443	108.86	19
5.62	5.793	87.9	19
5.64	7.295	91.7	19
5.66	7.833	69.1	19
5.68	8.376	56	19
5.7	8.856	43	19
5.72	9.213	40.2	19
5.74	9.269	37.3	19
5.76	9.016	36.4	19
5.78	8.864	35.5	19
5.8	8.81	34.5	19
5.82	8.757	37.4	19
5.84	8.71	41.8	19
5.86	8.84	43.1	19
5.88	9.135	42.6	19
5.9	9.606	32.9	19
5.92	10.089	30.7	19
5.94	9.762	28.4	19
5.96	9.454	27.1	19
5.98	9.134	27.7	19
6	9.037	26.6	19
6.02	8.979	24.1	19
6.04	8.856	20.8	19
6.06	8.583	20.8	19
6.08	8.377	20.8	19
6.1	8.04	20.8	19
6.12	7.76	22.7	19
6.14	7.556	23.9	19
6.16	7.408	26	19
6.18	7.446	28.6	19
6.2	7.533	28.3	19
6.22	7.656	28.8	19
6.24	7.729	29.2	19
6.26	7.729	29.7	19
6.28	7.722	31.4	19
6.3	7.78	33.8	19
6.32	7.759	33.4	19
6.34	7.79	32.8	19
6.36	7.791	32.1	19
6.38	7.8	31.4	19
6.4	7.649	35.3	19
6.42	7.476	33.9	19
6.44	7.437	35.4	19
6.46	7.553	35.9	19
6.48	7.657	36.7	19
6.5	7.815	33.7	19
6.52	7.99	32.3	19
6.54	8.1	31	19
6.56	8.295	29.6	19
6.58	8.186	29.7	19
6.6	7.942	34.3	19
6.62	7.892	36	19
6.64	8.064	34.6	19
6.66	8.226	33.1	19
6.68	8.375	31.7	19
6.7	8.339	32.6	19
6.72	8.32	37.8	19
6.74	8.387	40.2	19
6.76	8.363	33.2	19
6.78	8.29	31.1	19
6.8	8.2	30.3	19
6.82	8.002	29.6	19
6.84	7.787	28.9	19
6.86	7.744	28.2	19
6.88	7.816	27.9	19
6.9	7.867	27.6	19
6.92	7.838	27.4	19
6.94	7.734	28.4	19
6.96	7.676	29.8	19
6.98	7.657	31	19
7	7.691	32.5	19
7.02	7.977	28.2	19
7.04	8.192	28	19
7.06	8.467	27.7	19
7.08	8.669	27.5	19
7.1	8.593	28.2	19
7.12	8.491	33.8	19
7.14	8.344	37.1	19
7.16	8.183	36.4	19
7.18	8.128	34.6	19
7.2	8.137	43.7	19
7.22	8.15	53.8	19
7.24	8.249	60.1	19
7.26	8.404	53	19
7.28	8.773	46.5	19
7.3	9.015	45.2	19
7.32	9.06	43.9	19
7.34	8.781	42.6	19
7.36	8.322	43.9	19
7.38	7.959	38.2	19
7.4	7.886	31	19
7.42	7.783	30.8	19
7.44	7.632	30.6	19
7.46	7.393	30.4	19
7.48	7.171	30.9	19
7.5	6.968	30.9	19
7.52	6.626	34.7	19
7.54	6.185	41.6	19
7.56	5.321	52.2	19
7.58	4.436	57.9	19
7.6	3.219	70.2	19
7.62	2.605	78.8	19
7.64	2.211	69.1	19
7.66	2.049	62.6	19
7.68	1.795	59.7	19
7.7	1.622	52.1	19
7.72	1.41	49	19
7.74	1.215	44.3	19
7.76	1.181	40.6	19
7.78	1.148	40	19
7.8	1.114	39.8	19
7.82	1.058	37.1	19
7.84	0.985	35.4	19
7.86	0.903	33.9	19
7.88	0.882	32.7	19
7.9	0.869	31.4	19
7.92	0.903	31.3	19
7.94	0.964	31	19
7.96	1.012	30.9	19
7.98	1.093	32.8	19
8	1.097	34.4	19
8.02	1.123	34.6	19
8.04	1.133	33.9	19
8.06	1.093	31.9	19
8.08	1.038	30.8	19
8.1	0.933	30.4	19
8.12	0.918	29.5	19
8.14	0.904	29.1	19
8.16	0.889	26.8	19
8.18	0.93	25.9	19
8.2	0.919	24	19
8.22	0.875	23	19
8.24	0.813	22	19
8.26	0.78	22.1	19
8.28	0.79	22.1	19
8.3	0.812	22.1	19
8.32	0.86	22.6	19
8.34	0.967	19.34	19
8.36	1.082	21.64	19
8.38	1.134	22.68	19
8.4	1.151	23.02	19
8.42	0.453	13.4	19
8.44	0.547	17	19
8.46	0.603	18.9	19
8.48	0.655	21.1	19
8.5	0.709	20.8	19
8.52	0.802	23.9	19
8.54	0.913	26.4	19
8.56	0.974	28.4	19
8.58	1.081	32.4	19
8.6	1.157	40.2	19
8.62	1.236	41.4	19
8.64	1.268	44.8	19
8.66	1.251	44.1	19
8.68	1.161	42.3	19
8.7	1.157	40.2	19
8.72	1.133	38.9	19
8.74	1.13	37	19
8.76	1.154	39	19
8.78	1.203	40.9	19
8.8	1.196	42.1	19
8.82	1.248	45.9	19
8.84	1.209	46.6	19
8.86	1.195	46.2	19
8.88	1.18	43.9	19
8.9	1.166	41.9	19
8.92	1.156	40.1	19
8.94	1.153	40.9	19
8.96	1.15	41.2	19
8.98	1.146	43.3	19
9	1.411	45.3	19
9.02	1.92	42.9	19
9.04	2.347	40.4	19
9.06	2.735	40.4	19
9.08	2.736	40.3	19
9.1	2.469	40.3	19
9.12	2.112	45.4	19
9.14	1.965	50	19
9.16	1.938	57.6	19
9.18	1.912	60.2	19
9.2	1.885	57.6	19
9.22	1.918	54.7	19
9.24	1.782	49.6	19
9.26	1.675	47.4	19
9.28	1.576	48.5	19
9.3	1.57	49.1	19
9.32	1.564	49.3	19
9.34	1.558	49.6	19
9.36	1.592	53.6	19
9.38	1.616	55.1	19
9.4	1.667	47.6	19
9.42	1.839	46.6	19
9.44	2.176	45.5	19
9.46	2.419	44.5	19
9.48	2.433	44.9	19
9.5	2.339	45.3	19
9.52	2.356	45.7	19
9.54	2.454	47.9	19
9.56	2.384	46.5	19
9.58	2.315	48.2	19
9.6	2.245	50	19
9.62	2.258	51.8	19
9.64	2	52.5	19
9.66	1.928	55.7	19
9.68	1.901	55.8	19
9.7	1.909	54.7	19
9.72	1.944	54.5	19
9.74	2.294	51.7	19
9.76	2.52	48.9	19
9.78	2.805	46.2	19
9.8	2.888	46.4	19
9.82	2.54	41.5	19
9.84	2.502	40.4	19
9.86	2.464	39.3	19
9.88	2.427	38.2	19
9.9	2.202	39.3	19
9.92	1.85	39.8	19
9.94	1.515	40.3	19
9.96	1.435	40	19
9.98	1.425	37.8	19
10	1.412	35.9	19
10.02	1.231	34.3	19
10.04	1.106	33	19
10.06	1.092	32.7	19
10.08	1.075	32.2	19
10.1	1.067	29.9	19
10.12	1.051	27.4	19
10.14	0.963	26.4	19
10.16	0.964	26	19
10.18	0.956	27.7	19
10.2	0.945	29.9	19
10.22	1.118	31.7	19
10.24	1.339	34.1	19
10.26	1.421	34.4	19
10.28	1.322	34.7	19
10.3	1.204	35.9	19
10.32	1.15	36.8	19
10.34	1.152	36.3	19
10.36	1.158	31.4	19
10.38	1.142	27.6	19
10.4	1.088	24.8	19
10.42	1.067	22.3	19
10.44	1.016	21.9	19
10.46	0.994	21.4	19
10.48	1.001	21.7	19
10.5	1.044	20.8	19
10.52	1.034	20.8	19
10.54	1.028	19.1	19
10.56	0.993	18.7	19
10.58	0.973	17.2	19
10.6	0.933	16.1	19
10.62	0.927	14	19
10.64	0.921	12.8	19
10.66	0.916	10.3	19
10.68	0.923	10	19
10.7	0.922	9.7	19
10.72	0.913	9.4	19
10.74	0.898	10.2	19
10.76	0.921	12	19
10.78	0.94	13.3	19
10.8	0.982	14.7	19
10.82	1.068	17.1	19
10.84	1.171	23.6	19
10.86	1.277	32.7	19
10.88	1.385	43.6	19
10.9	1.619	64.8	19
10.92	2.123	69.1	19
10.94	2.518	72.1	19
10.96	2.743	70	19
10.98	2.953	67.9	19
11	2.978	65.8	19
11.02	2.908	64.8	19
11.04	2.91	62.6	19
11.06	3.232	53.5	19
11.08	3.603	42.2	19
11.1	4.12	37.4	19
11.12	4.201	33	19
11.14	4.2	84	19
11.16	4.109	82.18	19
11.18	4.023	80.46	19
11.2	3.936	78.72	19
11.22	5.255	91.7	19
11.24	5.662	111.6	19
11.26	5.359	117	19
11.28	4.879	95.3	19
11.3	4.342	80.9	19
11.32	3.82	71.9	19
11.34	3.107	46.8	19
11.36	2.356	36.9	19
11.38	1.91	25.9	19
11.4	1.648	21.2	19
11.42	1.242	20.8	19
11.44	1.128	20.4	19
11.46	1.106	19.9	19
11.48	1.084	19	19
11.5	1.063	20.5	19
11.52	1.033	23.7	19
11.54	1.035	25	19
11.56	1.084	26.8	19
11.58	1.198	33.3	19
11.6	1.41	33.6	19
11.62	1.478	31.9	19
11.64	1.544	32.5	19
11.66	1.506	33	19
11.68	1.469	33.6	19
11.7	1.431	42.7	19
11.72	1.551	52.7	19
11.74	1.756	55.4	19
11.76	2.011	55.5	19
11.78	2.105	55.2	19
11.8	1.914	56.4	19
11.82	1.7	53.2	19
11.84	1.502	47.8	19
11.86	1.354	42.6	19
11.88	1.248	35.7	19
11.9	1.13	32.4	19
11.92	1.085	32	19
11.94	1.088	31.6	19
11.96	1.125	31.3	19
11.98	1.145	32.5	19
12	1.217	32.7	19
12.02	1.233	34.7	19
12.04	1.204	35.5	19
12.06	1.197	35.5	19
12.08	1.206	33.7	19
12.1	1.177	30	19
12.12	1.107	29.3	19
12.14	1.099	28.5	19
12.16	1.09	29.9	19
12.18	1.082	31.2	19
12.2	1.168	32.6	19
12.22	1.34	38.4	19
12.24	1.523	47.4	19
12.26	1.737	55.8	19
12.28	1.867	65.4	19
12.3	1.958	68.5	19
12.32	2.078	75.1	19
12.34	2.137	78.8	19
12.36	2.26	81.8	19
12.38	2.337	93.9	19
12.4	2.458	96.1	19
12.42	2.504	98.1	19
12.44	2.581	99.5	19
12.46	2.529	94.6	19
12.48	2.469	98.5	19
12.5	2.547	97	19
12.52	2.63	98.8	19
12.54	2.781	106.6	19
12.56	2.86	102.9	19
12.58	2.926	103.9	19
12.6	3.352	103.1	19
12.62	3.099	99.4	19
12.64	2.821	95.8	19
12.66	2.762	92.8	19
12.68	2.704	89.1	19
12.7	2.646	72.1	19
12.72	2.544	64.2	19
12.74	2.482	57.3	19
12.76	2.226	48.7	19
12.78	2.027	48.3	19
12.8	1.92	47.9	19
12.82	1.813	47.5	19
12.84	1.817	53.9	19
12.86	1.732	58.8	19
12.88	1.664	61.1	19
12.9	1.616	62.7	19
12.92	1.528	62	19
12.94	1.516	62.9	19
12.96	1.464	63.9	19
12.98	1.559	64.8	19
13	1.655	69	19
13.02	1.75	79.4	19
13.04	2.23	87	19
13.06	2.432	89.8	19
13.08	2.499	91	19
13.1	2.359	90.7	19
13.12	2.292	77.4	19
13.14	2.329	74.6	19
13.16	2.545	71.8	19
13.18	2.475	69	19
13.2	2.271	69.4	19
13.22	2.23	75.2	19
13.24	2.189	79.3	19
13.26	2.149	77.4	19
13.28	2.273	76.6	19
13.3	2.24	75.8	19
13.32	2.149	75	19
13.34	2.251	77.5	19
13.36	2.432	79.7	19
13.38	2.582	80.2	19
13.4	3.186	77.8	19
13.42	3.327	76.8	19
13.44	2.987	78.5	19
13.46	2.578	77.6	19
13.48	2.545	79.9	19
13.5	2.512	80.5	19
13.52	2.48	77.9	19
13.54	2.833	66	19
13.56	2.999	51.8	19
13.58	3.292	50.4	19
13.6	3.216	47.5	19
13.62	2.487	43.3	19
13.64	1.875	39.8	19
13.66	1.593	36.1	19
13.68	1.353	33.9	19
13.7	1.335	33	19
13.72	1.342	32.2	19
13.74	1.35	31.3	19
13.76	1.357	31.6	19
13.78	1.423	40.6	19
13.8	1.604	45.7	19
13.82	1.817	53.2	19
13.84	1.982	52.9	19
13.86	2.149	52	19
13.88	2.138	47.9	19
13.9	1.878	43	19
13.92	1.744	41.3	19
13.94	1.722	34.44	19
13.96	1.7	34	19
13.98	1.678	33.56	19
14	1.71	34.2	19
14.02	1.425	32.8	19
14.04	1.977	48.8	19
14.06	2.489	84.2	19
14.08	3.114	96.3	19
14.1	3.844	94.8	19
14.12	4.366	105.3	19
14.14	4.407	110.6	19
14.16	4.593	104.3	19
14.18	4.813	84.4	19
14.2	5.144	82	19
14.22	4.994	79.6	19
14.24	5.048	77.2	19
14.26	5.556	71.8	19
14.28	5.943	65.9	19
14.3	6.044	64.2	19
14.32	5.98	62.1	19
14.34	6.133	60	19
14.36	6.241	57.9	19
14.38	6	60.2	19
14.4	5.82	80.2	19
14.42	5.117	93.5	19
14.44	5.033	116.7	19
14.46	4.95	114	19
14.48	4.866	109.3	19
14.5	5.048	96.4	19
14.52	6.257	83.4	19
14.54	6.704	67.6	19
14.56	7.086	60.7	19
14.58	7.209	51.6	19
14.6	7.463	46.9	19
14.62	7.672	46.2	19
14.64	7.766	43.2	19
14.66	7.663	40.1	19
14.68	7.584	39.7	19
14.7	7.51	39.9	19
14.72	7.474	40.6	19
14.74	7.505	39.7	19
14.76	7.455	38.3	19
14.78	7.375	38.7	19
14.8	7.405	38.8	19
14.82	7.511	38.1	19
14.84	7.579	35.1	19
14.86	7.56	33.5	19
14.88	7.298	34.2	19
14.9	7.233	34.3	19
14.92	7.208	33.4	19
14.94	7.286	34.1	19
14.96	7.336	33.7	19
14.98	7.382	33.1	19
15	7.418	32.7	19
15.02	7.455	31.5	19
15.04	7.429	31.8	19
15.06	7.229	31.3	19
15.08	6.928	31.5	19
15.1	6.781	33.6	19
15.12	6.683	32.5	19
15.14	6.635	33	19
15.16	6.372	32.4	19
15.18	6.248	32.9	19
15.2	5.781	40.4	19
15.22	5.381	42.9	19
15.24	5.199	47.7	19
15.26	4.988	51.7	19
15.28	4.858	53.5	19
15.3	4.674	53.8	19
15.32	4.359	54.1	19
15.34	3.745	54.4	19
15.36	2.974	72.3	19
15.38	2.328	63	19
15.4	2.062	57.6	19
15.42	1.931	48.7	19
15.44	1.896	43.6	19
15.46	1.861	36.8	19
15.48	1.826	36.6	19
15.5	1.839	36.3	19
15.52	2.467	36.1	19
15.54	2.561	36.9	19
15.56	2.124	37.7	19
15.58	2.121	38.4	19
15.6	2.118	51.8	19
15.62	2.115	59.9	19
15.64	2.183	52.1	19
15.66	3.448	31.4	19
15.68	3.663	30.7	19
15.7	2.892	29.9	19
15.72	1.833	29.2	19
15.74	1.38	30.1	19
15.76	1.231	29.3	19
15.78	1.187	27.3	19
15.8	1.142	25.4	19
15.82	1.098	24.2	19
15.84	1.105	25.3	19
15.86	1.214	26.4	19
15.88	1.251	27.5	19
15.9	1.304	36.4	19
15.92	1.345	41	19
15.94	1.377	48.3	19
15.96	1.442	52.3	19
15.98	1.492	55.3	19
16	1.66	63.9	19
16.02	1.823	65.3	19
16.04	1.864	68.3	19
16.06	1.795	66.9	19
16.08	1.734	64.3	19
16.1	1.648	65.2	19
16.12	1.525	62.7	19
16.14	1.474	59.6	19
16.16	1.402	53	19
16.18	1.384	46.7	19
16.2	1.417	39.3	19
16.22	1.474	33.4	19
16.24	1.508	32.9	19
16.26	1.53	32.2	19
16.28	1.574	34.4	19
16.3	1.579	38.3	19
16.32	1.601	41.5	19
16.34	1.621	42.9	19
16.36	1.586	43.7	19
16.38	1.532	42.5	19
16.4	1.473	42.2	19
16.42	1.416	39.7	19
16.44	1.393	37.9	19
16.46	1.395	35.5	19
16.48	1.353	34.2	19
16.5	1.303	32.7	19
16.52	1.256	32.4	19
16.54	1.229	32.1	19
16.56	1.214	31.8	19
16.58	1.219	31.9	19
16.6	1.272	33.4	19
16.62	1.439	38.3	19
16.64	1.578	47	19
16.66	1.772	53.5	19
16.68	1.848	58.1	19
16.7	1.841	64.7	19
16.72	1.779	67.2	19
16.74	1.688	33.76	19
16.76	1.502	30.04	19
16.78	1.433	28.66	19
16.8	1.224	24.48	19
16.82	1.149	24.7	19
16.84	1.32	29.7	19
16.86	1.417	33.1	19
16.88	1.595	33.9	19
16.9	1.668	33.4	19
16.92	1.63	32.8	19
16.94	1.571	32.3	19
16.96	1.511	32.6	19
16.98	1.452	39.1	19
17	1.626	44.6	19
17.02	2.04	52.8	19
17.04	2.176	53.7	19
17.06	2.361	61.9	19
17.08	2.524	70.1	19
17.1	2.685	78.3	19
17.12	2.911	81.2	19
17.14	3.162	94.5	19
17.16	3.413	94.3	19
17.18	3.664	82.5	19
17.2	3.742	73.7	19
17.22	4.27	69.3	19
17.24	4.475	67.1	19
17.26	4.622	65	19
17.28	4.674	62.8	19
17.3	4.718	70	19
17.32	4.585	77.3	19
17.34	4.314	87.6	19
17.36	3.523	86.4	19
17.38	2.786	91.4	19
17.4	2.645	94	19
17.42	2.504	92.1	19
17.44	2.362	87	19
17.46	2.364	78.4	19
17.48	2.352	75.7	19
17.5	2.342	68.8	19
17.52	2.579	68.5	19
17.54	3.383	68.3	19
17.56	3.716	68	19
17.58	3.692	73.7	19
17.6	3.039	75.6	19
17.62	2.998	81.1	19
17.64	2.957	80.3	19
17.66	2.915	77	19
17.68	3.658	77	19
17.7	4.514	76.6	19
17.72	5.074	76.1	19
17.74	5.321	75.7	19
17.76	5.132	81.5	19
17.78	5.498	79.6	19
17.8	5.864	68.5	19
17.82	6.229	62.4	19
17.84	7.542	58.2	19
17.86	7.94	46.2	19
17.88	8.161	43.7	19
17.9	8.203	41.3	19
17.92	8.052	40.8	19
17.94	7.856	40.4	19
17.96	7.703	39.9	19
17.98	7.559	39.2	19
18	7.517	38	19
18.02	7.657	37	19
18.04	7.691	36.5	19
18.06	7.688	35.9	19
18.08	7.49	35.4	19
18.1	7.349	35.6	19
18.12	7.331	33.9	19
18.14	7.212	34	19
18.16	6.823	34.1	19
18.18	6.594	38.6	19
18.2	6.474	38.3	19
18.22	6.353	36.6	19
18.24	6.232	34.2	19
18.26	6.588	31.9	19
18.28	6.82	31.5	19
18.3	6.878	31.1	19
18.32	7.028	30.6	19
18.34	7.21	33.3	19
18.36	7.656	45	19
18.38	7.929	46.2	19
18.4	8.208	39.3	19
18.42	8.587	37.3	19
18.44	8.907	35.2	19
18.46	8.876	33.2	19
18.48	8.705	33.7	19
18.5	8.511	31.8	19
18.52	8.521	29.4	19
18.54	8.487	28	19
18.56	8.443	29.1	19
18.58	8.422	27.8	19
18.6	8.496	24.4	19
18.62	8.698	20.6	19
18.64	9.065	19.7	19
18.66	9.325	18.3	19
18.68	9.317	18.1	19
18.7	9.264	17.8	19
18.72	9.181	17.6	19
18.74	9	17.8	19
18.76	8.724	18.8	19
18.78	8.528	19.3	19
18.8	8.41	20.9	19
18.82	8.265	22.9	19
18.84	8.116	23.7	19
18.86	7.974	23.6	19
18.88	7.96	24.6	19
18.9	7.878	27.5	19
18.92	7.878	30.4	19
18.94	8.006	33.3	19
18.96	8.085	27.1	19
18.98	8.498	26.2	19
19	8.87	25.2	19
19.02	8.903	24.3	19
19.04	8.727	24.6	19
19.06	8.349	27.1	19
19.08	7.959	28.1	19
19.1	7.78	26	19
19.12	7.364	24.8	19
19.14	7.159	24.6	19
19.16	7.089	24.3	19
19.18	7.018	24.1	19
19.2	7.001	23.3	19
19.22	7.151	22.6	19
19.24	7.3	21.2	19
19.26	7.449	20.4	19
19.28	7.707	19.7	19
19.3	7.917	18.9	19
19.32	8.152	19.1	19
19.34	8.265	19.5	19
19.36	8.17	19.4	19
19.38	7.929	23.5	19
19.4	7.365	26.6	19
19.42	6.972	29.6	19
19.44	6.617	31.6	19
19.46	6.343	33.5	19
19.48	6.27	35.4	19
19.5	6.203	34.5	19
19.52	6.197	31.6	19
19.54	6.316	126.32	19
19.56	6.217	124.34	19
19.58	5.959	119.18	19
19.6	5.807	116.14	19
19.62	2.284	40.5	19
19.64	3.094	39.4	19
19.66	3.618	34.8	19
19.68	4.098	33.5	19
19.7	4.103	31.6	19
19.72	4.064	24.5	19
19.74	4.126	24.3	19
19.76	4.003	24.1	19
19.78	3.848	23.8	19
19.8	3.788	24.5	19
19.82	3.704	25.8	19
19.84	3.654	29.1	19
19.86	3.689	30	19
19.88	4.01	34.9	19
19.9	4.332	37.6	19
19.92	5.017	38.7	19
19.94	5.419	42.1	19
19.96	5.607	44.3	19
19.98	5.539	45.7	19
20	5.475	46.7	19
20.02	5.456	47	19
20.04	5.493	45.2	19
20.06	5.459	43.1	19
20.08	5.447	41.2	19
20.1	5.47	40.1	19
20.12	5.535	38.7	19
20.14	5.659	38.9	19
20.16	5.743	41.9	19
20.18	5.845	44.3	19
20.2	5.999	45.3	19
20.22	6.631	44.1	19
20.24	7.038	42.4	19
20.26	7.222	41.1	19
20.28	7.278	39.1	19
20.3	7.358	37.2	19
20.32	7.367	36.8	19
20.34	7.292	35	19
20.36	7.161	34.1	19
20.38	7.031	32.5	19
20.4	6.96	31.1	19
20.42	6.813	29.7	19
20.44	6.801	28.2	19
20.46	6.852	26.8	19
20.48	7.029	25.5	19
20.5	7.262	24.9	19
20.52	7.53	24.4	19
20.54	7.799	24	19
20.56	7.967	23.5	19
20.58	8.113	23.7	19
20.6	8.251	24.4	19
20.62	8.276	23.5	19
20.64	8.214	23.1	19
20.66	8.084	23	19
20.68	8.011	26.2	19
20.7	7.961	27.9	19
20.72	7.892	28.6	19
20.74	7.859	28.1	19
20.76	7.843	26.7	19
20.78	7.87	25	19
20.8	7.937	24.7	19
20.82	7.995	24.2	19
20.84	7.96	23.9	19
20.86	7.975	25.4	19
20.88	8.118	25.5	19
20.9	8.242	23.4	19
20.92	8.309	22.9	19
20.94	8.211	21.2	19
20.96	8.031	19.3	19
20.98	7.598	18	19
21	7.299	17.2	19
21.02	6.794	16.5	19
21.04	6.529	16.4	19
21.06	6.39	16.5	19
21.08	6.237	16.3	19
21.1	6.179	15.8	19
21.12	6.183	15.3	19
21.14	6.133	15.2	19
21.16	6.094	15.1	19
21.18	6.074	15.8	19
21.2	5.968	16.1	19
21.22	5.981	17.5	19
21.24	5.996	18.1	19
21.26	6.01	19.1	19
21.28	6.036	20	19
21.3	6.046	21.2	19
21.32	6.057	21	19
21.34	6.009	20.9	19
21.36	6.005	20.4	19
21.38	5.911	20.2	19
21.4	5.872	19.5	19
21.42	5.88	19.5	19
21.44	5.849	20	19
21.46	5.719	20.2	19
21.48	5.58	21	19
21.5	5.471	21.8	19
21.52	5.373	23.6	19
21.54	5.338	25.1	19
21.56	5.382	26.3	19
21.58	5.436	27.6	19
21.6	5.608	26.7	19
21.62	5.647	26.6	19
21.64	5.549	25.8	19
21.66	5.418	24.5	19
21.68	5.409	23.1	19
21.7	5.442	21.4	19
21.72	5.452	20.8	19
21.74	5.483	20.2	19
21.76	5.539	19.6	19
21.78	5.64	19.9	19
21.8	5.757	21.7	19
21.82	6.02	22.9	19
21.84	6.374	22.3	19
21.86	6.653	23.9	19
21.88	6.892	24.9	19
21.9	7.005	26.9	19
21.92	7.55	27	19
21.94	7.998	27.3	19
21.96	8.266	27.1	19
21.98	8.336	28.5	19
22	8.411	30.6	19
22.02	8.281	31.8	19
22.04	8.045	31	19
22.06	7.769	29	19
22.08	7.709	26	19
22.1	7.852	24.5	19
22.12	8.23	23.5	19
22.14	8.557	23.4	19
22.16	8.894	23.4	19
22.18	8.93	23.4	19
22.2	8.985	25.9	19
22.22	9.053	27.9	19
22.24	9.019	30.3	19
22.26	8.997	31.1	19
22.28	8.921	31.5	19
22.3	8.864	32.8	19
22.32	8.836	33.3	19
22.34	8.872	177.44	19
22.36	8.805	176.1	19
22.38	8.59	171.8	19
22.4	8.373	167.46	19
22.42	4.223	21.8	19
22.44	5.342	20.9	19
22.46	5.876	20	19
22.48	5.847	25	19
22.5	5.766	23.1	19
22.52	5.706	23.4	19
22.54	5.559	22.7	19
22.56	5.408	21.9	19
22.58	5.348	21.6	19
22.6	5.407	21.2	19
22.62	5.602	20.8	19
22.64	5.784	21.4	19
22.66	5.879	22.5	19
22.68	5.902	24.3	19
22.7	5.918	26.7	19
22.72	5.856	31.1	19
22.74	5.771	31.3	19
22.76	5.549	32.3	19
22.78	5.347	32.8	19
22.8	5.21	32.9	19
22.82	5.19	31.4	19
22.84	5.099	29.4	19
22.86	5.019	26.1	19
22.88	4.979	25.4	19
22.9	5.006	24.2	19
22.92	5.075	22.3	19
22.94	5.153	21.5	19
22.96	5.147	21.4	19
22.98	5.058	23.1	19
23	5.058	23	19
23.02	5.045	23.5	19
23.04	5.055	23.3	19
23.06	5.032	22.5	19
23.08	5.096	21.7	19
23.1	5.187	22.2	19
23.12	5.25	23.6	19
23.14	5.336	23.6	19
23.16	5.316	24.6	19
23.18	5.119	26.3	19
23.2	4.954	28.6	19
23.22	4.988	29.1	19
23.24	5.027	26.7	19
23.26	5.066	23.5	19
23.28	5.117	23.1	19
23.3	5.155	22.8	19
23.32	5.204	22.4	19
23.34	5.216	23.3	19
23.36	5.237	23.4	19
23.38	5.258	22.8	19
23.4	5.335	24.8	19
23.42	5.394	26.5	19
23.44	5.426	28.5	19
23.46	5.424	30	19
23.48	5.322	30.7	19
23.5	5.306	31.5	19
23.52	5.26	34.2	19
23.54	5.223	34.4	19
23.56	5.331	34.2	19
23.58	5.48	32.8	19
23.6	5.486	30.2	19
23.62	5.381	27.2	19
23.64	5.329	25.6	19
23.66	5.421	23.5	19
23.68	5.56	23.1	19
23.7	5.633	22.7	19
23.72	5.593	22.3	19
23.74	5.447	22.9	19
23.76	5.321	24.6	19
23.78	5.252	25.2	19
23.8	5.298	25.6	19
23.82	5.372	24	19
23.84	5.392	23.4	19
23.86	5.532	23.6	19
23.88	5.738	24.2	19
23.9	6.037	24.4	19
23.92	6.034	25.8	19
23.94	5.863	24.9	19
23.96	5.735	23.9	19
23.98	5.652	24.1	19
24	5.6	24.7	19
24.02	5.594	25.4	19
24.04	5.689	25.3	19
24.06	5.78	24.9	19
24.08	5.75	25.9	19
24.1	5.724	27.6	19
24.12	5.589	28.3	19
24.14	5.498	28.8	19
24.16	5.426	28.7	19
24.18	5.369	28.2	19
24.2	5.343	26.6	19
24.22	5.339	25.8	19
24.24	5.344	24.4	19
24.26	5.373	23.9	19
24.28	5.403	23.4	19
24.3	5.353	22.9	19
24.32	5.403	22.3	19
24.34	5.466	21.7	19
24.36	5.439	21.2	19
24.38	5.43	21.3	19
24.4	5.371	20.7	19
24.42	5.381	19.6	19
24.44	5.437	17.8	19
24.46	5.517	16.3	19
24.48	5.619	15.6	19
24.5	5.732	15.6	19
24.52	5.871	15.4	19
24.54	5.909	15	19
24.56	5.804	15.2	19
24.58	5.709	16.2	19
24.6	5.572	16.8	19
24.62	5.521	17.6	19
24.64	5.552	18.3	19
24.66	5.603	18	19
24.68	5.688	17.6	19
24.7	5.804	16.9	19
24.72	5.95	17.5	19
24.74	6.041	18.6	19
24.76	6.118	19.7	19
24.78	6.102	20.4	19
24.8	6.156	20.5	19
24.82	6.253	20.3	19
24.84	6.525	19.8	19
24.86	6.688	19.4	19
24.88	6.887	19.4	19
24.9	7.164	20.3	19
24.92	7.296	21.6	19
24.94	7.488	23.5	19
24.96	7.727	22.5	19
24.98	7.962	22.6	19
25	8.245	22.8	19
25.02	8.566	22.9	19
25.04	8.831	19.9	19
25.06	9.12	17.9	19
25.08	9.32	17.7	19
25.1	9.313	17.1	19
25.12	9.059	18.1	19
25.14	8.863	177.26	19
25.16	8.536	170.72	19
25.18	8.276	165.52	19
25.2	7.975	159.5	19
25.22	8.564	57	19
25.24	8.613	61.1	19
25.26	9.048	62.7	19
25.28	9.241	58.5	19
25.3	9.578	51	19
25.32	9.856	49.4	19
25.34	10.04	35.8	19
25.36	10.144	22.3	19
25.38	9.634	21.7	19
25.4	8.743	21	19
25.42	8.095	20.4	19
25.44	7.513	23.9	19
25.46	6.991	24.3	19
25.48	6.788	25.1	19
25.5	6.695	25.5	19
25.52	6.686	26.2	19
25.54	6.786	24.9	19
25.56	6.923	24.1	19
25.58	7.006	23.6	19
25.6	7.314	22.7	19
25.62	7.514	20.5	19
25.64	7.719	19.6	19
25.66	7.922	19.6	19
25.68	8.052	20.2	19
25.7	8.247	20.3	19
25.72	8.347	20.9	19
25.74	8.404	23	19
25.76	8.394	23.8	19
25.78	8.347	25	19
25.8	8.448	23.7	19
25.82	8.784	23.3	19
25.84	9.102	22.8	19
25.86	9.226	22.4	19
25.88	8.935	24.3	19
25.9	8.822	25.9	19
25.92	8.809	26.2	19
25.94	8.822	26.8	19
25.96	8.861	27.2	19
25.98	8.963	28.2	19
26	9.093	29.7	19
26.02	9.188	29.5	19
26.04	9.322	29.9	19
26.06	9.537	28.2	19
26.08	9.753	27.6	19
26.1	9.907	27.2	19
26.12	9.949	26.9	19
26.14	9.919	26.6	19
26.16	9.928	26.8	19
26.18	9.992	25.3	19
26.2	10.086	25.4	19
26.22	10.157	24.6	19
26.24	10.306	23.6	19
26.26	10.412	22.6	19
26.28	10.364	22.2	19
26.3	10.185	25	19
26.32	9.982	27.1	19
26.34	9.685	28.3	19
26.36	9.576	29.6	19
26.38	9.434	29.7	19
26.4	9.437	30	19
26.42	9.393	31.2	19
26.44	9.46	28.5	19
26.46	9.792	27.8	19
26.48	9.968	27.3	19
26.5	10.105	26.8	19
26.52	10.006	27.4	19
26.54	9.951	26.9	19
26.56	10.041	26.2	19
26.58	10.012	26.5	19
26.6	10.041	26.3	19
26.62	10.176	26.9	19
26.64	10.302	26.4	19
26.66	10.43	25.5	19
26.68	10.413	25	19
26.7	10.332	25.1	19
26.72	10.225	25.1	19
26.74	9.994	25.7	19
26.76	9.874	25.9	19
26.78	9.743	26.8	19
26.8	9.496	26.5	19
26.82	9.317	27.7	19
26.84	9.3	27.6	19
26.86	9.3	26.8	19
26.88	9.197	26.2	19
26.9	8.874	25.7	19
26.92	8.474	25.2	19
26.94	8.089	24.5	19
26.96	7.859	24.5	19
26.98	7.827	24.4	19
27	7.811	23.7	19
27.02	7.795	24.6	19
27.04	7.787	25.1	19
27.06	7.788	25.5	19
27.08	8.074	25.5	19
27.1	8.481	26.1	19
27.12	8.78	24.5	19
27.14	9.149	23.5	19
27.16	9.415	23.8	19
27.18	9.656	24	19
27.2	9.938	24.3	19
27.22	9.915	25.5	19
27.24	9.927	26.5	19
27.26	9.842	27.2	19
27.28	9.841	29.3	19
27.3	9.887	30	19
27.32	9.832	30.2	19
27.34	9.724	29.2	19
27.36	9.655	28.2	19
27.38	9.475	27.5	19
27.4	9.555	25.9	19
27.42	9.555	24.8	19
27.44	9.371	23.7	19
27.46	9.225	23.2	19
27.48	9.275	24.2	19
27.5	9.464	25.1	19
27.52	9.766	25.1	19
27.54	10.047	25.9	19
27.56	10.346	27.1	19
27.58	10.604	28.6	19
27.6	10.541	29.6	19
27.62	10.327	28.7	19
27.64	10.105	28.8	19
27.66	9.933	28.5	19
27.68	10.021	27.6	19
27.7	10.093	26.5	19
27.72	10.183	24.6	19
27.74	10.185	24	19
27.76	9.939	24.5	19
27.78	9.856	25.4	19
27.8	9.82	26.4	19
27.82	9.852	27	19
27.84	9.892	28	19
27.86	9.887	28.4	19
27.88	9.908	29	19
27.9	9.943	30.6	19
27.92	9.818	41.8	19
27.94	9.947	198.94	19
27.96	9.803	196.06	19
27.98	8.345	166.9	19
28	5.843	116.86	19
28.02	3.026	51.7	19
28.04	4.478	40	19
28.06	4.73	32.6	19
28.08	5.094	28.9	19
28.1	5.018	26.3	19
28.12	4.768	25.1	19
28.14	4.745	24	19
28.16	4.94	30.2	19
28.18	5.109	36.5	19
28.2	5.349	42.7	19
28.22	5.767	74.9	19
28.24	5.659	115	19
28.26	4.755	131.8	19
28.28	3.708	130.6	19
28.3	2.978	126.7	19
28.32	2.218	107.4	19
28.34	1.731	94.8	19
28.36	1.545	71.4	19
28.38	1.444	44.4	19
28.4	1.339	26.1	19
28.42	1.315	23.1	19
28.44	1.311	21.8	19
28.46	1.353	20.9	19
28.48	1.364	20.6	19
28.5	1.383	20.2	19
28.52	1.388	21.1	19
28.54	1.389	20.7	19
28.56	1.398	20.6	19
28.58	1.412	20.6	19
28.6	1.464	20.5	19
28.62	1.529	28.9	19
28.64	1.666	37.2	19
28.66	1.856	44.9	19
28.68	2.011	52.8	19
28.7	2.166	60.6	19
28.72	2.37	70	19
28.74	2.602	67	19
28.76	2.511	67.4	19
28.78	2.527	67.9	19
28.8	2.543	68.3	19
28.82	2.558	82.9	19
28.84	2.883	101.3	19
28.86	3.074	112.9	19
28.88	3.323	132.8	19
28.9	3.555	147.4	19
28.92	3.529	157.4	19
28.94	3.72	154.7	19
28.96	3.833	160.9	19
28.98	3.87	141.5	19
29	3.927	116	19
29.02	4.574	115	19
29.04	5.231	114.1	19
29.06	5.963	113.2	19
29.08	6.585	114.7	19
29.1	7.506	113.5	19
29.12	8.047	112.3	19
29.14	8.451	111.1	19
29.16	7.71	119.7	19
29.18	6.396	128.4	19
29.2	4.869	124.1	19
29.22	4.061	118.3	19
29.24	2.779	106.2	19
29.26	2.721	105.8	19
29.28	2.662	105.3	19
29.3	2.604	104.9	19
29.32	2.894	122.7	19
29.34	3.521	134	19
29.36	4.962	139.4	19
29.38	6.721	138	19
29.4	6.663	123.9	19
29.42	6.539	114.3	19
29.44	6.502	97.7	19
29.46	6.379	91	19
29.48	6.184	88.9	19
29.5	6.125	90.1	19
29.52	6.157	92.5	19
29.54	6.541	96.7	19
29.56	7.241	100.1	19
29.58	8.024	98.4	19
29.6	9.847	93.7	19
29.62	10.924	85.1	19
29.64	11.567	84	19
29.66	11.702	79	19
29.68	11.855	73.5	19
29.7	12.183	70.8	19
29.72	12.295	68	19
29.74	12.342	68.4	19
29.76	12.233	66.4	19
29.78	12.006	64.2	19
29.8	11.592	63.6	19
29.82	11.272	62.7	19
29.84	10.918	61.5	19
29.86	10.566	61.1	19
29.88	10.448	60.7	19
29.9	10.295	60.8	19
29.92	10.238	62.8	19
29.94	10.204	66.2	19
29.96	10.089	73.1	19
29.98	10	79.6	19
30	9.866	85.5	19
30.02	9.717	85.1	19
30.04	9.746	81.8	19
30.06	9.872	72.5	19
30.08	10.037	62.3	19
30.1	10.016	53.4	19
30.12	9.969	46.7	19
30.14	9.961	43.8	19
30.16	9.952	42.7	19
30.18	10.026	42	19
30.2	10.326	42.3	19
30.22	10.492	42.2	19
30.24	10.37	41.1	19
30.26	10.113	43.3	19
30.28	9.748	45.3	19
30.3	9.533	45.4	19
30.32	9.475	47.5	19
30.34	9.603	48.8	19
30.36	9.726	46.2	19
30.38	9.812	43.1	19
30.4	10.106	40.7	19
30.42	10.16	38.3	19
30.44	10.148	36.1	19
30.46	10.141	35.7	19
30.48	10.153	35.2	19
30.5	10.052	34.8	19
30.52	9.803	35.5	19
30.54	9.74	39	19
30.56	9.727	43.8	19
30.58	9.876	49.6	19
30.6	10.083	55.4	19
30.62	10.372	62.2	19
30.64	10.668	67.2	19
30.66	10.858	68	19
30.68	10.918	67.4	19
30.7	11.064	67.5	19
30.72	10.979	66.1	19
30.74	10.985	219.7	19
30.76	11.038	220.76	19
30.78	11.191	223.82	19
30.8	11.184	223.68	19
30.82	2.056	41.4	19
30.84	3.738	58.6	19
30.86	6.762	72.3	19
30.88	8.562	74.8	19
30.9	10.922	89.8	19
30.92	11.749	99.5	19
30.94	11.827	112.2	19
30.96	11.554	120.5	19
30.98	11.652	126.9	19
31	11.953	122.4	19
31.02	12.666	105.2	19
31.04	13.044	92.7	19
31.06	13.18	90.4	19
31.08	13.102	86	19
31.1	12.782	81.4	19
31.12	12.429	79.2	19
31.14	12.136	78.7	19
31.16	11.894	77.9	19
31.18	11.796	79.1	19
31.2	11.8	78	19
31.22	11.898	75	19
31.24	12.177	72.8	19
31.26	12.265	73.4	19
31.28	12.198	73.4	19
31.3	11.858	75.5	19
31.32	11.384	76.5	19
31.34	10.993	74.9	19
31.36	10.558	72.2	19
31.38	10.137	69.9	19
31.4	9.926	66.3	19
31.42	9.873	62.7	19
31.44	10.125	61.3	19
31.46	10.398	60.9	19
31.48	10.542	60.4	19
31.5	10.454	59.9	19
31.52	10.362	63.2	19
31.54	10.316	69.9	19
31.56	10.363	74.9	19
31.58	10.402	77.7	19
31.6	10.337	79.3	19
31.62	10.134	80.4	19
31.64	9.789	79.2	19
31.66	9.575	77	19
31.68	9.555	72.7	19
31.7	9.808	69.1	19
31.72	10.089	68.8	19
31.74	10.349	68.6	19
31.76	10.496	71.6	19
31.78	10.568	76.1	19
31.8	10.581	78.1	19
31.82	10.522	78.7	19
31.84	10.424	80.8	19
31.86	10.459	79.7	19
31.88	10.783	79.5	19
31.9	11.474	79.4	19
31.92	12.705	77.9	19
31.94	13.593	76.5	19
31.96	14.096	75	19
31.98	14.117	78.5	19
32	13.939	80.4	19
32.02	13.77	82	19
32.04	13.432	80.2	19
32.06	13.152	78	19
32.08	12.97	76.9	19
32.1	12.728	75.8	19
32.12	12.395	74.3	19
32.14	11.709	74.3	19
32.16	11.326	71.7	19
32.18	10.874	68.2	19
32.2	10.483	66.8	19
32.22	10.363	66.4	19
32.24	10.076	68.7	19
32.26	9.796	70.9	19
32.28	9.641	72.6	19
32.3	9.73	66.5	19
32.32	10.553	58.6	19
32.34	11.648	57.4	19
32.36	12.184	56.1	19
32.38	11.887	54.9	19
32.4	11.52	69.5	19
32.42	11.05	85.5	19
32.44	10.19	97.5	19
32.46	9.444	90.3	19
32.48	9.217	86.9	19
32.5	9.032	86.5	19
32.52	8.046	90.2	19
32.54	7.549	100.7	19
32.56	6.796	98.8	19
32.58	6.202	97.3	19
32.6	5.917	97.3	19
32.62	5.825	101.1	19
32.64	5.933	112.6	19
32.66	6.166	120	19
32.68	6.639	109.7	19
32.7	6.945	92	19
32.72	7.649	66	19
32.74	8.304	64.7	19
32.76	8.297	63.5	19
32.78	8.231	62.2	19
32.8	8.093	59.8	19
32.82	8.058	57.2	19
32.84	8.074	53.4	19
32.86	8.256	49.3	19
32.88	8.541	42.3	19
32.9	8.655	33.4	19
32.92	8.475	29.5	19
32.94	8.089	28.8	19
32.96	7.779	28.4	19
32.98	7.634	28	19
33	7.675	27.6	19
33.02	7.73	30.9	19
33.04	7.777	36.3	19
33.06	7.711	41.2	19
33.08	7.744	48.8	19
33.1	7.831	55.7	19
33.12	7.877	68.6	19
33.14	7.835	84.5	19
33.16	7.525	89.4	19
33.18	7.499	102.7	19
33.2	7.474	95.2	19
33.22	7.449	90.9	19
33.24	7.855	86.7	19
33.26	7.916	82.4	19
33.28	7.658	76.6	19
33.3	7.756	64.5	19
33.32	8.629	64.4	19
33.34	8.709	64.3	19
33.36	8.531	64.2	19
33.38	8.31	83.1	19
33.4	8.028	101.1	19
33.42	7.606	100.4	19
33.44	6.977	99.9	19
33.46	6.645	94.7	19
33.48	6.637	93.6	19
33.5	6.138	92.5	19
33.52	5.68	91.3	19
33.54	5.459	109.18	19
33.56	5.239	104.78	19
33.58	5.018	100.36	19
33.6	5.032	100.64	19
33.62	3.12	42.7	19
33.64	6.006	43.2	19
33.66	6.821	55.4	19
33.68	8.099	81.9	19
33.7	8.887	102.8	19
33.72	9.127	117.4	19
33.74	9.027	128.1	19
33.76	8.972	127.6	19
33.78	9.193	124.4	19
33.8	9.632	121.3	19
33.82	9.609	118.1	19
33.84	9.138	118.7	19
33.86	8.511	129.1	19
33.88	7.961	153.4	19
33.9	7.132	160.7	19
33.92	5.854	168.1	19
33.94	4.668	163.7	19
33.96	3.798	144.9	19
33.98	3.666	132.3	19
34	3.537	117.3	19
34.02	3.585	106.8	19
34.04	3.217	94	19
34.06	2.799	79.5	19
34.08	2.003	74.5	19
34.1	1.684	64.5	19
34.12	1.583	56.9	19
34.14	1.555	53.3	19
34.16	1.562	52.7	19
34.18	1.706	52.1	19
34.2	1.864	51.5	19
34.22	2.07	52.4	19
34.24	2.105	53	19
34.26	2.143	55	19
34.28	2.131	57.6	19
34.3	2.071	60	19
34.32	2.08	63.1	19
34.34	2.137	60.1	19
34.36	2.071	59.3	19
34.38	1.975	57.7	19
34.4	1.899	62.7	19
34.42	2.076	65.4	19
34.44	2.235	65.9	19
34.46	2.477	67.4	19
34.48	2.648	77.4	19
34.5	2.706	89.6	19
34.52	2.793	103.6	19
34.54	2.931	112.8	19
34.56	3.109	128.3	19
34.58	3.288	141.9	19
34.6	3.514	151.6	19
34.62	3.704	153.6	19
34.64	3.783	161	19
34.66	3.734	160.7	19
34.68	3.455	147.7	19
34.7	3.367	135	19
34.72	3.194	127	19
34.74	3.074	126	19
34.76	3.09	123.7	19
34.78	3.068	119.3	19
34.8	3.016	107.1	19
34.82	2.903	102.8	19
34.84	2.855	105.2	19
34.86	2.771	109.7	19
34.88	2.809	108.6	19
34.9	2.965	117.2	19
34.92	3.067	129	19
34.94	3.087	135.5	19
34.96	3.117	138.9	19
34.98	2.983	141.3	19
35	2.79	134.9	19
35.02	2.518	119.1	19
35.04	2.344	101.8	19
35.06	2.029	90.6	19
35.08	1.85	76.2	19
35.1	1.651	56.1	19
35.12	1.523	40.3	19
35.14	1.41	28.2	19
35.16	1.408	23.2	19
35.18	1.38	18.5	19
35.2	1.356	12.8	19
35.22	1.356	11.9	19
35.24	1.331	11.5	19
35.26	1.339	11	19
35.28	1.38	10.6	19
35.3	1.408	10.7	19
35.32	1.477	12.8	19
35.34	1.55	17.8	19
35.36	1.644	22.7	19
35.38	1.713	27.5	19
35.4	1.88	37.3	19
35.42	2.183	45.4	19
35.44	2.7	55.2	19
35.46	3.364	58.5	19
35.48	3.194	60	19
35.5	2.4	61	19
35.52	1.949	59.5	19
35.54	1.627	58.4	19
35.56	1.516	44.4	19
35.58	1.435	39.8	19
35.6	1.363	38.3	19
35.62	1.314	36.9	19
35.64	1.339	35.4	19
35.66	1.472	35.5	19
35.68	2.266	45.4	19
35.7	3.187	55.5	19
35.72	3.552	54.7	19
35.74	3.144	60.1	19
35.76	3.002	63.6	19
35.78	2.86	68.2	19
35.8	2.718	68.8	19
35.82	2.724	67.2	19
35.84	2.869	67.8	19
35.86	2.778	69.5	19
35.88	2.99	70.9	19
35.9	3.249	69.8	19
35.92	3.452	81.2	19
35.94	3.615	85.7	19
35.96	3.779	92.9	19
35.98	3.942	100.1	19
36	4.299	107.2	19
36.02	6.311	111.5	19
36.04	6.927	112.7	19
36.06	7.542	111.7	19
36.08	8.157	95.8	19
36.1	8.417	76.5	19
36.12	8.728	73.4	19
36.14	8.822	70.2	19
36.16	8.945	67	19
36.18	9.183	67.2	19
36.2	9.45	72.3	19
36.22	9.856	74.3	19
36.24	10.418	71.1	19
36.26	10.938	70.7	19
36.28	11.412	74.5	19
36.3	11.636	76.1	19
36.32	11.779	80.5	19
36.34	11.973	239.46	19
36.36	12.051	241.02	19
36.38	12.257	245.14	19
36.4	12.651	253.02	19
36.42	4.498	45	19
36.44	5.471	46.6	19
36.46	6.908	48.2	19
36.48	7.86	69.6	19
36.5	8.83	77.7	19
36.52	10.052	76.2	19
36.54	11.783	74.8	19
36.56	14.734	73.3	19
36.58	15.52	76.6	19
36.6	15.736	77.4	19
36.62	15.991	80.4	19
36.64	16.152	82.4	19
36.66	16.148	82.9	19
36.68	15.868	82	19
36.7	15.394	78.6	19
36.72	14.47	69.5	19
36.74	13.339	62.4	19
36.76	12.201	57.8	19
36.78	11.146	59	19
36.8	10.901	55	19
36.82	10.998	49	19
36.84	11.084	39.7	19
36.86	11.002	35.4	19
36.88	10.923	34.3	19
36.9	10.612	29.6	19
36.92	10.398	29	19
36.94	10.006	28.4	19
36.96	9.708	27.8	19
36.98	9.613	27.5	19
37	9.52	27.1	19
37.02	9.418	36	19
37.04	9.492	39	19
37.06	9.789	40	19
37.08	10.076	39.3	19
37.1	9.978	38.4	19
37.12	9.756	38.6	19
37.14	9.578	39.3	19
37.16	9.519	38.3	19
37.18	9.338	35.7	19
37.2	9.297	33.6	19
37.22	9.192	33	19
37.24	9.024	30.1	19
37.26	8.872	24.8	19
37.28	8.474	22.9	19
37.3	8.044	22.2	19
37.32	7.567	21.2	19
37.34	7.179	21.9	19
37.36	6.807	23.2	19
37.38	6.464	26.1	19
37.4	6.268	28.4	19
37.42	6.158	29.8	19
37.44	6.046	31.2	19
37.46	6.021	29.3	19
37.48	6.039	29.3	19
37.5	6.163	29.1	19
37.52	6.216	28.9	19
37.54	6.196	28.8	19
37.56	6.233	33.6	19
37.58	6.315	40.5	19
37.6	6.348	37	19
37.62	6.482	36	19
37.64	6.66	35.1	19
37.66	6.745	34.1	19
37.68	6.751	33.8	19
37.7	6.928	38.5	19
37.72	6.95	48.8	19
37.74	6.858	53.6	19
37.76	6.865	57	19
37.78	6.92	46.4	19
37.8	7.242	44.5	19
37.82	7.554	43.1	19
37.84	7.601	41.1	19
37.86	7.549	37.9	19
37.88	7.61	36.4	19
37.9	7.652	33.2	19
37.92	7.731	33.3	19
37.94	7.908	32.9	19
37.96	8.103	31.5	19
37.98	8.211	30.7	19
38	8.25	30	19
38.02	8.269	29.7	19
38.04	8.289	29.7	19
38.06	8.321	28.3	19
38.08	8.451	27.5	19
38.1	8.55	27.2	19
38.12	8.636	26.4	19
38.14	8.904	27.1	19
38.16	9.192	27.8	19
38.18	9.534	28.3	19
38.2	9.727	28.9	19
38.22	9.861	29.7	19
38.24	9.962	30.3	19
38.26	10.159	29.5	19
38.28	10.231	30.5	19
38.3	10.338	30.4	19
38.32	10.451	30.5	19
38.34	10.524	31.2	19
38.36	10.558	30.3	19
38.38	10.509	30.2	19
38.4	10.445	29.8	19
38.42	10.472	31.6	19
38.44	10.597	32.6	19
38.46	10.685	32.3	19
38.48	10.748	30.6	19
38.5	10.573	30.1	19
38.52	10.271	30.4	19
38.54	9.983	30.1	19
38.56	9.762	30.2	19
38.58	9.77	28.8	19
38.6	9.831	28.1	19
38.62	9.894	26.8	19
38.64	9.971	26	19
38.66	10.128	25.7	19
38.68	10.158	25.5	19
38.7	10.197	25.2	19
38.72	10.212	26.1	19
38.74	10.146	25.9	19
38.76	9.91	26.7	19
38.78	9.738	26.6	19
38.8	9.445	26.8	19
38.82	9.309	26.6	19
38.84	9.305	26.2	19
38.86	9.48	23.8	19
38.88	9.652	22.6	19
38.9	9.801	20.8	19
38.92	9.979	20.5	19
38.94	9.982	20.2	19
38.96	9.975	19.9	19
38.98	9.886	21.8	19
39	9.788	23.2	19
39.02	9.865	25.2	19
39.04	10.166	26.5	19
39.06	10.819	27.3	19
39.08	11.246	27.3	19
39.1	11.469	30.4	19
39.12	10.934	32	19
39.14	9.66	193.2	19
39.16	9.003	180.06	19
39.18	8.412	168.24	19
39.2	7.88	157.6	19
39.22	2.692	29.5	19
39.24	2.415	23.6	19
39.26	1.343	22.7	19
39.28	1.274	21.7	19
39.3	1.206	20.8	19
39.32	1.137	20.7	19
39.34	1.126	20.6	19
39.36	1.135	22.2	19
39.38	1.209	23	19
39.4	1.284	23.2	19
39.42	1.35	22.1	19
39.44	1.409	20.9	19
39.46	1.453	19.9	19
39.48	1.49	19.1	19
39.5	1.536	18.7	19
39.52	1.588	19.5	19
39.54	1.632	20.2	19
39.56	1.637	21	19
39.58	1.638	22.9	19
39.6	1.666	23.8	19
39.62	1.723	26.8	19
39.64	1.835	45.7	19
39.66	2.16	69.5	19
39.68	2.662	96.5	19
39.7	3.392	107.8	19
39.72	4.992	118	19
39.74	6.11	133.8	19
39.76	7.393	140.4	19
39.78	8.328	145.8	19
39.8	9.265	152.9	19
39.82	10.36	155.8	19
39.84	11.334	157.4	19
39.86	11.866	155.1	19
39.88	12.25	130.8	19
39.9	12.397	114.2	19
39.92	12.316	112.1	19
39.94	12.162	110	19
39.96	11.724	107.9	19
39.98	11.391	116	19
40	10.817	117.7	19
40.02	9.741	121.3	19
40.04	8.117	137.5	19
40.06	6.317	128.8	19
40.08	4.396	127	19
40.1	3.515	125.3	19
40.12	3.219	123.5	19
40.14	3.202	124.2	19
40.16	3.184	130.6	19
40.18	3.166	120.2	19
40.2	3.288	119.8	19
40.22	3.919	119.4	19
40.24	5.715	119	19
40.26	5.24	129.4	19
40.28	4.163	111.6	19
40.3	2.966	92.3	19
40.32	2.331	76	19
40.34	2.077	67.7	19
40.36	2.021	47.9	19
40.38	1.951	28.7	19
40.4	1.919	27.6	19
40.42	1.938	26.6	19
40.44	1.97	25.5	19
40.46	1.995	23	19
40.48	1.983	20.8	19
40.5	1.902	20.4	19
40.52	1.816	19.4	19
40.54	1.78	18.9	19
40.56	1.751	19	19
40.58	1.705	18.7	19
40.6	1.673	18.3	19
40.62	1.673	18	19
40.64	1.669	19.3	19
40.66	1.659	18.2	19
40.68	1.658	17.8	19
40.7	1.622	17.5	19
40.72	1.576	17.6	19
40.74	1.564	17.4	19
40.76	1.584	18.9	19
40.78	1.616	25.6	19
40.8	1.822	35.8	19
40.82	2.154	50.3	19
40.84	2.984	70.1	19
40.86	4.065	86.3	19
40.88	5.079	96.5	19
40.9	6.031	109.4	19
40.92	6.93	116.1	19
40.94	7.607	120.3	19
40.96	8.239	122.8	19
40.98	8.842	119	19
41	9.554	116.8	19
41.02	10.023	114.6	19
41.04	10.142	112.4	19
41.06	9.424	100.8	19
41.08	7.793	96.6	19
41.1	6.518	92.4	19
41.12	5.358	99.3	19
41.14	4.197	101.2	19
41.16	3.604	99.6	19
41.18	3.431	98	19
41.2	3.329	96.4	19
41.22	3.35	96.1	19
41.24	3.273	95.8	19
41.26	3.196	95.5	19
41.28	3.119	101.6	19
41.3	3.625	96.9	19
41.32	4.066	92	19
41.34	3.947	90.4	19
41.36	3.334	88.8	19
41.38	3.183	87.3	19
41.4	3.031	92.9	19
41.42	3.092	92	19
41.44	3.152	90.7	19
41.46	3.213	89.4	19
41.48	3.438	88.2	19
41.5	3.921	93.7	19
41.52	4.42	100.8	19
41.54	4.921	104.2	19
41.56	5.609	112.5	19
41.58	6.547	120	19
41.6	7.437	114.1	19
41.62	7.814	103.5	19
41.64	8.273	93.7	19
41.66	8.619	91.4	19
41.68	8.767	89.1	19
41.7	8.785	86.7	19
41.72	8.666	87.7	19
41.74	8.517	86.2	19
41.76	8.509	84.8	19
41.78	8.722	83.3	19
41.8	8.711	81.9	19
41.82	8.572	81.5	19
41.84	8.403	80	19
41.86	8.268	79.5	19
41.88	8.153	83.1	19
41.9	8.087	96.6	19
41.92	7.864	123.7	19
41.94	7.196	143.92	19
41.96	6.44	128.8	19
41.98	6.405	128.1	19
42	6.369	127.38	19
42.02	6.34	66.2	19
42.04	6.624	86.2	19
42.06	6.918	114.5	19
42.08	6.725	131.2	19
42.1	6.662	128.2	19
42.12	6.599	123.9	19
42.14	6.536	119.7	19
42.16	7.238	115.4	19
42.18	7.472	125.1	19
42.2	7.159	123.7	19
42.22	6.977	149.8	19
42.24	7.021	176.1	19
42.26	6.854	175	19
42.28	6.688	168.1	19
42.3	6.521	141	19
42.32	6.547	111.1	19
42.34	8.818	110.6	19
42.36	9.919	110	19
42.38	9.895	109.4	19
42.4	8.945	111.8	19
42.42	8.575	113	19
42.44	8.206	112	19
42.46	7.836	119.1	19
42.48	7.955	117.9	19
42.5	7.941	116.6	19
42.52	8.225	115.4	19
42.54	8.21	118.4	19
42.56	7.945	127.6	19
42.58	7.983	136.7	19
42.6	7.675	150.2	19
42.62	7.521	133.9	19
42.64	7.366	132.9	19
42.66	7.211	132	19
42.68	7.547	131	19
42.7	8.382	134	19
42.72	8.768	138.5	19
42.74	9.189	133.9	19
42.76	9.872	129.2	19
42.78	10.091	124.5	19
42.8	9.418	178.9	19
42.82	8.246	184	19
42.84	7.865	171.1	19
42.86	7.483	146	19
42.88	7.701	128.7	19
42.9	7.918	113.5	19
42.92	8.136	106.7	19
42.94	10.346	92	19
42.96	11.448	89.1	19
42.98	13.027	86.1	19
43	14.021	83.2	19
43.02	14.817	84.4	19
43.04	14.776	92.3	19
43.06	14.805	94.8	19
43.08	15.025	95.6	19
43.1	15.522	92.4	19
43.12	15.913	88.2	19
43.14	16.252	85.7	19
43.16	16.283	84.6	19
43.18	16.193	83.5	19
43.2	15.924	81.7	19
43.22	15.67	78.2	19
43.24	15.123	68.2	19
43.26	14.332	60.1	19
43.28	12.957	57.6	19
43.3	11.829	55.5	19
43.32	11.673	55.8	19
43.34	11.518	52.5	19
43.36	11.362	51.8	19
43.38	11.761	51.2	19
43.4	11.901	50.5	19
43.42	11.974	51.8	19
43.44	12.083	56	19
43.46	12.213	59.4	19
43.48	12.2	61.1	19
43.5	11.985	61.3	19
43.52	11.695	58.9	19
43.54	11.209	54.2	19
43.56	10.865	51.1	19
43.58	10.483	49.5	19
43.6	10.161	48.8	19
43.62	10.014	48.2	19
43.64	10.145	47.6	19
43.66	10.456	44.2	19
43.68	11.331	42.5	19
43.7	11.955	40.9	19
43.72	12.077	39.3	19
43.74	11.946	37.8	19
43.76	11.626	36.3	19
43.78	11.181	34.8	19
43.8	10.682	35	19
43.82	10.389	35.6	19
43.84	10.193	33.8	19
43.86	10.256	29.9	19
43.88	10.254	25.7	19
43.9	10.257	24.9	19
43.92	10.304	24.2	19
43.94	10.187	23.5	19
43.96	10.08	24.2	19
43.98	10.077	23.3	19
44	10.099	24	19
44.02	10.135	23.6	19
44.04	10.139	23.6	19
44.06	10.131	25.2	19
44.08	10.163	27.5	19
44.1	10.191	33.7	19
44.12	10.26	34.6	19
44.14	10.327	35.5	19
44.16	10.516	36.3	19
44.18	10.573	37.3	19
44.2	10.651	42	19
44.22	10.797	46.6	19
44.24	10.991	51.3	19
44.26	11.223	68.5	19
44.28	11.418	85.7	19
44.3	10.445	146.6	19
44.32	6.748	150.5	19
44.34	4.704	146.5	19
44.36	3.25	133.7	19
44.38	1.911	114.7	19
44.4	1.646	97.4	19
44.42	1.599	60.5	19
44.44	1.562	28.6	19
44.46	1.537	20.4	19
44.48	1.539	19.6	19
44.5	1.543	19.4	19
44.52	1.566	19.3	19
44.54	1.607	20.2	19
44.56	1.665	21.7	19
44.58	1.749	23.4	19
44.6	1.867	22.2	19
44.62	2.003	24.6	19
44.64	2.104	30	19
44.66	2.227	34	19
44.68	2.435	37.2	19
44.7	2.888	37.7	19
44.72	3.167	33.3	19
44.74	2.957	59.14	19
44.76	2.884	57.68	19
44.78	2.81	56.2	19
44.8	2.736	54.72	19
44.82	5.424	73.3	19
44.84	5.7	89	19
44.86	5.445	109.5	19
44.88	5.045	131.1	19
44.9	4.588	129.2	19
44.92	3.938	120.7	19
44.94	3.337	117.1	19
44.96	3.335	107.5	19
44.98	3.333	95.1	19
45	3.331	92.5	19
45.02	3.696	89.8	19
45.04	3.961	87.1	19
45.06	4.525	98.8	19
45.08	5.208	107.4	19
45.1	6.684	118.6	19
45.12	7.277	137.8	19
45.14	7.679	163.3	19
45.16	8.058	172.8	19
45.18	8.322	172.9	19
45.2	8.793	179.3	19
45.22	9.359	183.8	19
45.24	9.619	170	19
45.26	9.965	136.1	19
45.28	10.097	128.6	19
45.3	10.015	128	19
45.32	10.213	127.3	19
45.34	10.849	126.7	19
45.36	11.061	117.3	19
45.38	11.052	116.9	19
45.4	11.084	116.5	19
45.42	10.754	116.1	19
45.44	10.105	113	19
45.46	9.234	123.8	19
45.48	8.577	127.6	19
45.5	7.802	125.4	19
45.52	7.516	131.5	19
45.54	7.339	146.7	19
45.56	6.011	156.8	19
45.58	4.632	147.6	19
45.6	3.551	114.9	19
45.62	2.562	100.1	19
45.64	1.77	69.3	19
45.66	1.619	42.9	19
45.68	1.599	32.3	19
45.7	1.589	17.8	19
45.72	1.574	15.3	19
45.74	1.578	14.7	19
45.76	1.585	15.1	19
45.78	1.608	15.5	19
45.8	1.604	14.8	19
45.82	1.601	14.3	19
45.84	1.588	14.2	19
45.86	1.56	13.6	19
45.88	1.551	14.3	19
45.9	1.56	13.1	19
45.92	1.563	12.8	19
45.94	1.576	12.5	19
45.96	1.549	12.2	19
45.98	1.561	12.5	19
46	1.593	14.1	19
46.02	1.648	15.1	19
46.04	1.686	15.8	19
46.06	1.705	15.9	19
46.08	1.763	17.1	19
46.1	1.842	18.5	19
46.12	1.899	20.5	19
46.14	1.942	26.7	19
46.16	2.237	40	19
46.18	2.662	53	19
46.2	3.586	68.4	19
46.22	4.424	75.5	19
46.24	5.313	81.1	19
46.26	5.788	86.7	19
46.28	5.994	92.4	19
46.3	5.755	98.4	19
46.32	5.407	108	19
46.34	5.218	117.2	19
46.36	5.028	130.4	19
46.38	4.839	144.8	19
46.4	4.852	156.9	19
46.42	5.193	171.5	19
46.44	6.553	177.2	19
46.46	8.502	181.4	19
46.48	11.419	187	19
46.5	14.142	190.8	19
46.52	15.781	181.8	19
46.54	17.17	153.3	19
46.56	17.627	131.3	19
46.58	17.887	119	19
46.6	17.714	100.7	19
46.62	17.334	93.1	19
46.64	16.919	91.6	19
46.66	16.642	86.7	19
46.68	16.452	75.8	19
46.7	16.271	64.3	19
46.72	16.167	54.8	19
46.74	16.039	48.7	19
46.76	15.87	44.8	19
46.78	15.625	43.9	19
46.8	15.387	43	19
46.82	15.134	42.1	19
46.84	14.948	42.4	19
46.86	14.813	44.9	19
46.88	14.723	49.8	19
46.9	14.535	51.9	19
46.92	14.286	53.8	19
46.94	14.25	54	19
46.96	14.442	53.7	19
46.98	14.774	55.8	19
47	14.979	56.9	19
47.02	15.145	58.1	19
47.04	15.091	59.6	19
47.06	15	62.9	19
47.08	14.93	65.4	19
47.1	14.75	66.6	19
47.12	14.671	64.8	19
47.14	14.499	63.8	19
47.16	14.417	64.5	19
47.18	14.521	67.4	19
47.2	14.711	72.7	19
47.22	14.99	78.1	19
47.24	15.222	87.1	19
47.26	15.722	95.8	19
47.28	15.969	98.2	19
47.3	16.229	103.6	19
47.32	16.043	111.2	19
47.34	15.865	109.8	19
47.36	15.592	91.6	19
47.38	15.606	84	19
47.4	15.7	76	19
47.42	15.731	68.1	19
47.44	15.355	66.6	19
47.46	14.983	65	19
47.48	14.72	63.4	19
47.5	14.36	65.5	19
47.52	13.992	67.7	19
47.54	13.548	270.96	19
47.56	13.408	268.16	19
47.58	13.617	272.34	19
47.6	14.316	286.32	19
47.62	7.052	87.2	19
47.64	8.156	120	19
47.66	8.772	138	19
47.68	7.796	134.6	19
47.7	7.733	138	19
47.72	7.669	141.5	19
47.74	7.606	145	19
47.76	7.895	141.1	19
47.78	8.222	144.9	19
47.8	8.762	142.6	19
47.82	9.806	128	19
47.84	10.577	111.1	19
47.86	10.919	80.3	19
47.88	10.728	75.6	19
47.9	10.736	74.9	19
47.92	10.955	74.3	19
47.94	11.469	73.6	19
47.96	12.879	77.8	19
47.98	14.344	85.2	19
48	14.854	89.6	19
48.02	14.702	93	19
48.04	14.263	93.9	19
48.06	13.865	88.4	19
48.08	13.079	79	19
48.1	12.117	72.2	19
48.12	11.708	60	19
48.14	12.043	50.3	19
48.16	12.823	48.7	19
48.18	13.189	47	19
48.2	13.111	45.3	19
48.22	12.738	48.1	19
48.24	12.555	49.8	19
48.26	12.652	51.6	19
48.28	13.075	47	19
48.3	13.21	45.9	19
48.32	12.654	44.8	19
48.34	11.302	43.7	19
48.36	10.415	45.9	19
48.38	9.843	43	19
48.4	9.646	37.4	19
48.42	9.409	32.2	19
48.44	9.151	28.6	19
48.46	8.989	27.3	19
48.48	8.9	27.3	19
48.5	8.822	27.2	19
48.52	8.822	26.7	19
48.54	8.806	29.1	19
48.56	8.793	30	19
48.58	8.811	33.8	19
48.6	8.848	36	19
48.62	8.904	34	19
48.64	9.246	27.6	19
48.66	9.824	20.3	19
48.68	10.251	19.1	19
48.7	10.402	17.8	19
48.72	10.175	17.8	19
48.74	10.01	17.7	19
48.76	9.864	17.7	19
48.78	9.705	19.4	19
48.8	9.554	20.1	19
48.82	9.432	19.8	19
48.84	9.472	21.4	19
48.86	9.525	22.7	19
48.88	9.616	21.9	19
48.9	9.783	22.4	19
48.92	10.095	23.1	19
48.94	10.416	23.1	19
48.96	10.779	24.8	19
48.98	10.932	26	19
49	11.001	26.9	19
49.02	11.207	24.2	19
49.04	11.716	23	19
49.06	12.227	21.8	19
49.08	12.42	20.6	19
49.1	12.104	20.8	19
49.12	11.61	20.6	19
49.14	11.406	21	19
49.16	11.463	21.4	19
49.18	11.479	21.8	19
49.2	11.265	23.5	19
49.22	10.768	28.7	19
49.24	10.375	30	19
49.26	10.074	35.1	19
49.28	9.896	42.4	19
49.3	9.679	43.7	19
49.32	9.514	45.6	19
49.34	9.405	46.3	19
49.36	9.433	46.5	19
49.38	9.38	47.5	19
49.4	9.182	47.8	19
49.42	9.183	44.6	19
49.44	9.68	42.4	19
49.46	10.388	40.1	19
49.48	11.013	42	19
49.5	11.555	43.9	19
49.52	11.796	45.8	19
49.54	12.158	53.3	19
49.56	12.059	125.9	19
49.58	10.665	159.5	19
49.6	8.575	161.1	19
49.62	7.15	148.6	19
49.64	5.76	136.3	19
49.66	4.955	127.5	19
49.68	3.932	105.4	19
49.7	3.429	85	19
49.72	3.309	79.8	19
49.74	3.248	76.4	19
49.76	3.325	73.3	19
49.78	3.401	79.2	19
49.8	3.478	85	19
49.82	3.991	90.9	19
49.84	5.487	100.9	19
49.86	7.749	105.1	19
49.88	10.809	123.5	19
49.9	13.03	139.3	19
49.92	14.624	162.7	19
49.94	15.679	135.5	19
49.96	16.928	113.9	19
49.98	17.696	95.8	19
50	18.46	93.3	19
50.02	18.892	93.9	19
50.04	18.67	94.6	19
50.06	18.61	95.2	19
50.08	18.534	103.2	19
50.1	18.261	107.1	19
50.12	17.939	114.6	19
50.14	17.72	109.5	19
50.16	17.691	101.1	19
50.18	17.603	97.3	19
50.2	17.383	93.6	19
50.22	16.942	104.7	19
50.24	15.752	129.2	19
50.26	14.768	163	19
50.28	13.47	174.1	19
50.3	13.324	181.9	19
50.32	13.178	189.1	19
50.34	13.032	260.64	19
50.36	13.517	270.34	19
50.38	15.828	316.56	19
50.4	16.73	334.6	19
50.42	9.417	43.1	19
50.44	10.026	52.6	19
50.46	11.336	66	19
50.48	12.675	77.5	19
50.5	13.854	93.6	19
50.52	15.116	103.3	19
50.54	16.604	110.2	19
50.56	17.141	115.9	19
50.58	17.823	125.3	19
50.6	18.118	134.7	19
50.62	18.502	139.4	19
50.64	19.426	159	19
50.66	21.277	171.9	19
50.68	23.003	174.2	19
50.7	25.445	172	19
50.72	26.975	164.1	19
50.74	27.435	164.8	19
50.76	27.592	167.1	19
50.78	27.641	170.9	19
50.8	27.335	166.8	19
50.82	26.62	161.5	19
50.84	25.901	161	19
50.86	25.305	157.8	19
50.88	24.653	154.6	19
50.9	24.305	145.7	19
50.92	24.254	137.2	19
50.94	24.037	124.8	19
50.96	23.862	114.7	19
50.98	23.659	112.5	19
51	23.336	113.5	19
51.02	22.778	116.6	19
51.04	22.291	118.2	19
51.06	22.175	125.5	19
51.08	22.358	136	19
51.1	22.569	137.9	19
51.12	22.663	137.7	19
51.14	22.405	139	19
51.16	22.037	134.9	19
51.18	21.919	122.3	19
51.2	22.158	109	19
51.22	22.13	94.4	19
51.24	21.641	93.7	19
51.26	20.659	93	19
51.28	19.817	92.3	19
51.3	18.936	89.6	19
51.32	18.585	86.4	19
51.34	18.507	85.2	19
51.36	18.188	85.8	19
51.38	17.346	90.4	19
51.4	16.61	93.3	19
51.42	16.424	90.6	19
51.44	16.696	90.2	19
51.46	17.063	88.1	19
51.48	17.71	95.5	19
51.5	18.196	109.1	19
51.52	18.463	132.5	19
51.54	17.867	154	19
51.56	17.465	171.8	19
51.58	17.598	185.3	19
51.6	18.219	183.5	19
51.62	19.126	162.8	19
51.64	19.848	133.4	19
51.66	20.581	118.3	19
51.68	21.064	110	19
51.7	21.516	104.8	19
51.72	21.806	97	19
51.74	22.075	91.2	19
51.76	21.959	86.4	19
51.78	21.556	76.6	19
51.8	20.848	69.1	19
51.82	19.97	65	19
51.84	19.075	64.4	19
51.86	17.897	64.3	19
51.88	17.161	67.8	19
51.9	16.354	72.2	19
51.92	15.792	76.2	19
51.94	15.532	76.1	19
51.96	15.343	79.4	19
51.98	15.298	82.6	19
52	15.449	81.5	19
52.02	15.676	79.6	19
52.04	15.746	76.8	19
52.06	15.693	76.9	19
52.08	15.535	79.7	19
52.1	15.403	78.5	19
52.12	15.34	78.5	19
52.14	15.084	79.5	19
52.16	14.812	80.8	19
52.18	14.633	81	19
52.2	14.622	79.7	19
52.22	14.625	80.4	19
52.24	14.555	79.7	19
52.26	14.368	79	19
52.28	14.126	78.1	19
52.3	13.895	82.9	19
52.32	13.682	94.3	19
52.34	12.988	106.3	19
52.36	12.216	120.6	19
52.38	9.53	133.3	19
52.4	7.471	132.5	19
52.42	5.554	132.8	19
52.44	5.358	138.4	19
52.46	5.162	139.4	19
52.48	4.966	133.1	19
52.5	5.451	124.9	19
52.52	7.805	116.4	19
52.54	9.439	113.3	19
52.56	10.781	112.4	19
52.58	11.289	109.6	19
52.6	12.102	98.2	19
52.62	12.432	90	19
52.64	12.779	88.6	19
52.66	12.909	87.2	19
52.68	12.662	85.8	19
52.7	12.045	87.9	19
52.72	10.481	120.4	19
52.74	10.132	152.2	19
52.76	9.784	167.1	19
52.78	9.435	165.1	19
52.8	9.734	146.9	19
52.82	12.678	129.5	19
52.84	14.289	119.8	19
52.86	15.202	102.7	19
52.88	16.369	81.5	19
52.9	17.418	80.1	19
52.92	18.151	78.8	19
52.94	18.436	77.5	19
52.96	18.626	82.2	19
52.98	18.53	86.8	19
53	18.531	89.7	19
53.02	18.466	90.8	19
53.04	18.439	92.1	19
53.06	18.6	92.5	19
53.08	18.443	94	19
53.1	18.381	93	19
53.12	18.285	95.2	19
53.14	18.177	363.54	19
53.16	18.087	361.74	19
53.18	18.116	362.32	19
53.2	18.028	360.56	19
53.22	3.765	33.1	19
53.24	3.702	49.9	19
53.26	3.938	58.9	19
53.28	4.206	40.5	19
53.3	4.528	35.9	19
53.32	4.926	35.7	19
53.34	5.378	35.5	19
53.36	5.565	35.3	19
53.38	6.083	37.3	19
53.4	6.597	42	19
53.42	7.363	46.5	19
53.44	7.767	53	19
53.46	8.507	55.7	19
53.48	8.996	58.3	19
53.5	9.655	63	19
53.52	10.305	63.5	19
53.54	10.753	62.3	19
53.56	11.46	65.5	19
53.58	11.895	68.5	19
53.6	12.315	74	19
53.62	12.496	77.4	19
53.64	12.636	77.1	19
53.66	12.663	75.6	19
53.68	12.691	75.4	19
53.7	12.702	73.9	19
53.72	12.8	70.1	19
53.74	12.854	64.2	19
53.76	12.854	61.1	19
53.78	12.548	61.8	19
53.8	12.42	61.8	19
53.82	12.218	62.3	19
53.84	12.099	66.3	19
53.86	11.996	77.1	19
53.88	11.348	86.8	19
53.9	10.336	100	19
53.92	8.596	105.7	19
53.94	6.881	116.1	19
53.96	5.847	117.2	19
53.98	5.649	114.8	19
54	5.451	113.6	19
54.02	5.252	112.5	19
54.04	5.398	111.3	19
54.06	5.249	114.3	19
54.08	5.221	130.1	19
54.1	5.193	153.7	19
54.12	5.165	171.8	19
54.14	6.106	184	19
54.16	7.451	188.6	19
54.18	9.436	180	19
54.2	11.089	158.2	19
54.22	12.761	144.2	19
54.24	15.163	112.8	19
54.26	17.569	93.4	19
54.28	19.175	89.3	19
54.3	19.597	90.4	19
54.32	19.491	85.6	19
54.34	18.813	85.5	19
54.36	17.32	85.3	19
54.38	15.758	85.2	19
54.4	13.338	112.4	19
54.42	10.538	118.3	19
54.44	6.385	116.3	19
54.46	5.048	107.5	19
54.48	4.616	103.1	19
54.5	4.575	98.8	19
54.52	4.534	94.4	19
54.54	4.492	96	19
54.56	4.646	89.1	19
54.58	6.278	80.3	19
54.6	6.694	74.5	19
54.62	6.838	73.3	19
54.64	6.569	72.6	19
54.66	6.46	81.4	19
54.68	6.45	112.2	19
54.7	6.499	140.4	19
54.72	6.387	156.5	19
54.74	6.663	154.2	19
54.76	8.744	135.3	19
54.78	11.757	119.9	19
54.8	13.099	110.5	19
54.82	14.292	105.8	19
54.84	14.308	100.6	19
54.86	13.966	113.2	19
54.88	13.913	125.1	19
54.9	14.3	126	19
54.92	15.465	123.3	19
54.94	16.33	120.7	19
54.96	16.491	118.1	19
54.98	16.684	128.8	19
55	17.005	139.1	19
55.02	17.35	141.1	19
55.04	18.064	110.8	19
55.06	18.704	93.4	19
55.08	19.093	87.2	19
55.1	18.939	87	19
55.12	18.157	87.2	19
55.14	17.722	88.6	19
55.16	17.724	96.5	19
55.18	18.217	109.9	19
55.2	18.661	116.5	19
55.22	19.409	114.2	19
55.24	19.701	115.6	19
55.26	19.875	117	19
55.28	19.856	118.4	19
55.3	19.788	115.8	19
55.32	19.883	107.1	19
55.34	20.119	104	19
55.36	20.353	95.5	19
55.38	20.43	94.8	19
55.4	20.166	94.2	19
55.42	19.926	93.5	19
55.44	19.055	96.1	19
55.46	18.339	104.1	19
55.48	17.611	103.7	19
55.5	17.167	114.2	19
55.52	16.917	120.3	19
55.54	16.516	125.9	19
55.56	16.113	126.4	19
55.58	16.234	108.5	19
55.6	16.658	96.4	19
55.62	17.232	95	19
55.64	17.298	93.5	19
55.66	16.664	92	19
55.68	15.655	96.4	19
55.7	14.535	100.8	19
55.72	14.243	103.4	19
55.74	14.067	111.2	19
55.76	14.73	114	19
55.78	15.92	109.3	19
55.8	16.953	105.2	19
55.82	17.928	105.3	19
55.84	18.357	104.9	19
55.86	19.24	107.4	19
55.88	20.058	107.9	19
55.9	21.179	115.7	19
55.92	21.929	122.2	19
55.94	22.586	451.72	19
55.96	23.035	460.7	19
55.98	23.681	473.62	19
56	24.001	480.02	19
56.02	3.722	54.6	19
56.04	5.229	80.2	19
56.06	6.109	98.1	19
56.08	6.601	122.4	19
56.1	6.918	134	19
56.12	7.354	137.1	19
56.14	8.304	135.6	19
56.16	9.96	141.1	19
56.18	11.011	140	19
56.2	11.545	135.8	19
56.22	11.842	137.9	19
56.24	11.985	139.2	19
56.26	11.805	146.7	19
56.28	11.638	174.6	19
56.3	10.739	221.3	19
56.32	9.434	206.1	19
56.34	7.492	203.1	19
56.36	6.999	200	19
56.38	6.507	197	19
56.4	6.441	195.3	19
56.42	6.376	180.9	19
56.44	6.31	144.6	19
56.46	5.261	129.6	19
56.48	4.847	120.4	19
56.5	3.86	119.1	19
56.52	2.926	100.6	19
56.54	2.46	85.7	19
56.56	2.426	61	19
56.58	2.392	51.8	19
56.6	2.358	49.9	19
56.62	2.421	48.1	19
56.64	2.432	46.2	19
56.66	2.369	47.2	19
56.68	2.428	49.6	19
56.7	2.564	54.7	19
56.72	2.669	64.4	19
56.74	3.633	66.1	19
56.76	5.246	78.8	19
56.78	6.712	90	19
56.8	7.679	99.5	19
56.82	7.645	116.7	19
56.84	7.21	134.1	19
56.86	6.411	140	19
56.88	4.917	143.1	19
56.9	4.56	138.6	19
56.92	4.202	128.7	19
56.94	3.844	111.9	19
56.96	3.682	84.1	19
56.98	3.471	69.7	19
57	3.194	65.8	19
57.02	2.839	61.9	19
57.04	2.772	60.3	19
57.06	2.753	58.5	19
57.08	2.839	55.6	19
57.1	2.834	53.4	19
57.12	2.814	52.8	19
57.14	2.756	54.2	19
57.16	2.697	55.9	19
57.18	2.696	58.6	19
57.2	2.741	64.4	19
57.22	2.838	66.5	19
57.24	2.912	69.4	19
57.26	2.951	74.8	19
57.28	2.99	76.3	19
57.3	2.926	72.2	19
57.32	2.824	71.1	19
57.34	2.767	70.3	19
57.36	2.711	63.8	19
57.38	2.654	59.5	19
57.4	2.602	47.8	19
57.42	2.526	41.9	19
57.44	2.511	36.9	19
57.46	2.44	31.5	19
57.48	2.4	26.8	19
57.5	2.405	26.1	19
57.52	2.419	26.7	19
57.54	2.551	26.8	19
57.56	2.675	33.8	19
57.58	2.943	49.4	19
57.6	3.438	63.9	19
57.62	4.169	78.6	19
57.64	4.411	93.4	19
57.66	4.467	102.7	19
57.68	4.31	119.1	19
57.7	4.445	134	19
57.72	4.708	142.3	19
57.74	5.302	145.9	19
57.76	5.579	145.8	19
57.78	5.419	149	19
57.8	5.328	162.9	19
57.82	5.279	168.1	19
57.84	5.405	149.2	19
57.86	5.194	136.2	19
57.88	4.772	123.9	19
57.9	4.243	109.2	19
57.92	3.805	102.5	19
57.94	3.526	93.4	19
57.96	3.435	86.7	19
57.98	3.511	76.6	19
58	3.466	66.4	19
58.02	3.338	65.9	19
58.04	3.202	66.3	19
58.06	3.376	81.3	19
58.08	4.184	89	19
58.1	7.892	92.9	19
58.12	12.07	92.1	19
58.14	15.813	91.4	19
58.16	17.648	90.7	19
58.18	18.817	97.9	19
58.2	19.213	106.3	19
58.22	19.64	113.9	19
58.24	20.157	121.1	19
58.26	20.817	149.2	19
58.28	21.335	169.4	19
58.3	22.21	142.7	19
58.32	22.516	139.8	19
58.34	22.663	137	19
58.36	22.971	134.2	19
58.38	22.821	147.8	19
58.4	22.724	166.1	19
58.42	23.242	179.6	19
58.44	24.189	160.7	19
58.46	24.438	153.8	19
58.48	24.578	146.9	19
58.5	24.815	140	19
58.52	25.43	137.9	19
58.54	25.305	135.9	19
58.56	25.368	133.8	19
58.58	25.481	134.9	19
58.6	25.368	140.9	19
58.62	25.103	144.8	19
58.64	24.546	153.3	19
58.66	24.176	171.1	19
58.68	23.495	174.3	19
58.7	22.949	177.8	19
58.72	22.445	179	19
58.74	22.241	444.82	19
58.76	22.252	445.04	19
58.78	22.67	453.4	19
58.8	22.346	446.92	19
58.82	8.353	164	19
58.84	8.663	176.3	19
58.86	9.243	185.3	19
58.88	9.727	188.4	19
58.9	9.863	221	19
58.92	9.949	295.4	19
58.94	10.279	338.1	19
58.96	11.174	341.9	19
58.98	12.344	329	19
59	16.433	325.8	19
59.02	20.086	311.7	19
59.04	22.134	297.7	19
59.06	21.236	283.6	19
59.08	19.158	271.6	19
59.1	16.21	281.4	19
59.12	15.995	306	19
59.14	15.779	297.4	19
59.16	15.564	290.6	19
59.18	16.176	281.8	19
59.2	19.016	244.4	19
59.22	19.917	202.4	19
59.24	20.502	176.9	19
59.26	20.765	145.3	19
59.28	20.769	144.7	19
59.3	20.496	144	19
59.32	19.826	143.4	19
59.34	18.491	146.3	19
59.36	16.689	170.2	19
59.38	13.745	207.8	19
59.4	13.258	212.3	19
59.42	12.77	213.1	19
59.44	12.282	187.7	19
59.46	12.997	164.5	19
59.48	14.444	155.8	19
59.5	14.401	154.3	19
59.52	13.409	152.7	19
59.54	12.276	151.1	19
59.56	11.012	152.7	19
59.58	8.934	155.5	19
59.6	7.609	163.7	19
59.62	6.84	171.7	19
59.64	6.556	160.8	19
59.66	6.538	151.9	19
59.68	6.385	153.4	19
59.7	5.85	151.5	19
59.72	4.68	138.7	19
59.74	3.79	122.6	19
59.76	3.123	110.2	19
59.78	3.019	96.5	19
59.8	2.916	96.2	19
59.82	2.812	95.8	19
59.84	3.563	95.5	19
59.86	5.262	115.3	19
59.88	7.434	125.7	19
59.9	10.156	112.2	19
59.92	11.784	97.2	19
59.94	12.86	96.4	19
59.96	13.177	95.6	19
59.98	13.457	94.7	19
60	13.541	97.5	19
60.02	13.408	104	19
60.04	13.221	110.5	19
60.06	13.07	117.1	19
60.08	12.973	129.1	19
60.1	12.776	127.8	19
60.12	13.222	124.1	19
60.14	14.273	120.5	19
60.16	14.854	116.9	19
60.18	14.74	107.6	19
60.2	14.275	96.9	19
60.22	14.225	84.7	19
60.24	14.583	79.4	19
60.26	14.709	78.2	19
60.28	14.61	77.1	19
60.3	14.179	75.9	19
60.32	13.581	82.9	19
60.34	13.119	144.6	19
60.36	12.052	177	19
60.38	9.524	185.7	19
60.4	9.287	192.8	19
60.42	9.05	191	19
60.44	8.813	184.2	19
60.46	12.139	160.7	19
60.48	13.61	131.4	19
60.5	14.336	92.6	19
60.52	14.476	60.1	19
60.54	14.791	54.5	19
60.56	14.845	48.8	19
60.58	14.65	47.5	19
60.6	14.501	46.2	19
60.62	14.208	44.9	19
60.64	13.886	44.2	19
60.66	13.858	46.3	19
60.68	13.976	42.4	19
60.7	14.464	36.8	19
60.72	14.964	23.3	19
60.74	15.363	23.1	19
60.76	15.176	22.9	19
60.78	15.375	22.6	19
60.8	16.449	22	19
60.82	17.714	30.3	19
60.84	19.453	46.5	19
60.86	20.395	57.7	19
60.88	20.605	64.9	19
60.9	20.888	62.9	19
60.92	20.786	65.9	19
60.94	20.665	58.1	19
60.96	20.592	58	19
60.98	20.585	52.8	19
61	20.237	55.5	19
61.02	20.244	44.9	19
61.04	20.213	40.8	19
61.06	19.996	33.9	19
61.08	19.728	35	19
61.1	19.196	33.5	19
61.12	18.332	40.3	19
61.14	18.139	49.4	19
61.16	17.817	54.2	19
61.18	17.952	47.7	19
61.2	18.194	42.1	19
61.22	18.247	41	19
61.24	18.453	39.9	19
61.26	18.613	38.8	19
61.28	18.432	39.3	19
61.3	17.614	61.8	19
61.32	15.34	114.3	19
61.34	12.758	132.1	19
61.36	12.228	148.4	19
61.38	11.697	176	19
61.4	11.166	190.9	19
61.42	12.754	162.9	19
61.44	13.176	160.3	19
61.46	13.151	157.7	19
61.48	12.894	155.1	19
61.5	12.043	192	19
61.52	10.519	219.9	19
61.54	8.05	161	19
61.56	6.872	137.44	19
61.58	6.22	124.4	19
61.6	4.989	99.78	19
61.62	1.361	33	19
61.64	1.544	47.1	19
61.66	1.761	61.2	19
61.68	3.258	81.2	19
61.7	6.318	88.2	19
61.72	10.311	98.3	19
61.74	12.488	108.5	19
61.76	13.389	114.7	19
61.78	13.687	117.9	19
61.8	13.447	168.2	19
61.82	11.949	200.9	19
61.84	9.976	213.1	19
61.86	8.277	216.4	19
61.88	7.881	263.1	19
61.9	7.721	260.5	19
61.92	8.85	250.7	19
61.94	9.979	198.9	19
61.96	11.107	147.9	19
61.98	12.043	139.2	19
62	11.922	133.2	19
62.02	11.77	95.4	19
62.04	12.476	93	19
62.06	13.249	90.6	19
62.08	13.506	88.2	19
62.1	13.311	96.8	19
62.12	13.286	112.1	19
62.14	13.578	118.1	19
62.16	14.302	115	19
62.18	14.674	101.3	19
62.2	14.555	87.7	19
62.22	14.178	82.7	19
62.24	13.617	83.1	19
62.26	13.398	79.9	19
62.28	13.548	73.1	19
62.3	13.991	66.6	19
62.32	14.39	63.5	19
62.34	14.717	61.7	19
62.36	14.8	61.7	19
62.38	14.814	54	19
62.4	14.724	50.8	19
62.42	14.208	51.7	19
62.44	13.975	39.8	19
62.46	13.918	30.1	19
62.48	13.738	27.4	19
62.5	13.163	24.8	19
62.52	12.313	24.4	19
62.54	11.946	24	19
62.56	12.024	23.6	19
62.58	12.718	26.3	19
62.6	13.665	28	19
62.62	13.955	29	19
62.64	13.931	30	19
62.66	13.919	31	19
62.68	14.002	32.6	19
62.7	14.049	35.4	19
62.72	13.965	38.2	19
62.74	13.687	39.3	19
62.76	13.413	42	19
62.78	13.382	41.8	19
62.8	13.468	38.1	19
62.82	14.001	30.9	19
62.84	14.731	23	19
62.86	15.455	17.7	19
62.88	15.521	17.8	19
62.9	14.884	16.9	19
62.92	14.194	14.3	19
62.94	13.532	11.9	19
62.96	13.15	11.9	19
62.98	12.975	11	19
63	12.817	10.7	19
63.02	12.772	10.6	19
63.04	12.55	10.5	19
63.06	12.543	10.5	19
63.08	12.625	12.3	19
63.1	12.866	13.7	19
63.12	13.338	14.8	19
63.14	14.289	16.3	19
63.16	15.082	20.8	19
63.18	15.784	20.8	19
63.2	16.059	24.8	19
63.22	16.136	25	19
63.24	16.353	25.5	19
63.26	16.436	23.2	19
63.28	15.887	19.6	19
63.3	15.243	16.1	19
63.32	14.389	16.5	19
63.34	13.687	15.8	19
63.36	13.285	15.1	19
63.38	13.145	14.4	19
63.4	12.967	14.5	19
63.42	12.802	15.2	19
63.44	12.789	17	19
63.46	12.758	19.4	19
63.48	12.807	19.3	19
63.5	12.863	19.5	19
63.52	12.942	20.5	19
63.54	12.85	24	19
63.56	12.668	26.5	19
63.58	12.775	28.4	19
63.6	13.095	27.9	19
63.62	13.543	23.1	19
63.64	13.69	20.4	19
63.66	13.801	20.4	19
63.68	13.914	20.4	19
63.7	14.031	20.4	19
63.72	14.29	21.3	19
63.74	14.519	21.2	19
63.76	14.84	21	19
63.78	15.25	20.9	19
63.8	15.649	20.7	19
63.82	15.943	20.4	19
63.84	16.043	21.6	19
63.86	16.072	20.7	19
63.88	15.921	21.6	19
63.9	15.815	24.6	19
63.92	15.642	26.9	19
63.94	15.379	24.4	19
63.96	15.322	20.8	19
63.98	15.338	15	19
64	15.228	14.8	19
64.02	15.027	14.6	19
64.04	14.882	14.4	19
64.06	15.083	17.8	19
64.08	15.676	17.7	19
64.1	16.308	17.6	19
64.12	17.269	17.4	19
64.14	17.406	27.5	19
64.16	17.301	29	19
64.18	16.725	29.1	19
64.2	16.52	29.8	19
64.22	15.885	38	19
64.24	15.947	44	19
64.26	16.158	45.6	19
64.28	16.303	41.3	19
64.3	16.365	35.7	19
64.32	16.408	31.8	19
64.34	16.517	330.34	19
64.36	16.232	324.64	19
64.38	15.811	316.22	19
64.4	15.017	300.34	19
64.42	8.424	33.8	19
64.44	8.041	32.8	19
64.46	7.827	33.4	19
64.48	7.773	32.2	19
64.5	7.72	36.1	19
64.52	7.666	35.6	19
64.54	7.803	35.7	19
64.56	8.26	33.5	19
64.58	8.644	34	19
64.6	9.104	32.3	19
64.62	9.047	32.3	19
64.64	8.941	32	19
64.66	8.57	31.7	19
64.68	8.331	31.4	19
64.7	7.269	31.1	19
64.72	6.836	30.7	19
64.74	6.485	30.4	19
64.76	6.249	34	19
64.78	6.313	32.9	19
64.8	6.363	31.7	19
64.82	6.546	30.6	19
64.84	7.03	31.1	19
64.86	7.248	38.6	19
64.88	7.92	35.8	19
64.9	8.446	27.3	19
64.92	9.189	26.7	19
64.94	8.747	26.1	19
64.96	8.717	25.5	19
64.98	9.351	27	19
65	9.233	34.5	19
65.02	9.279	50.1	19
65.04	9.816	58.1	19
65.06	10.421	62.7	19
65.08	11.35	72.4	19
65.1	12.766	82	19
65.12	14.006	91.6	19
65.14	15.934	98.6	19
65.16	17.627	65.4	19
65.18	18.548	42.7	19
65.2	17.738	40.3	19
65.22	15.857	40	19
65.24	14.253	39.7	19
65.26	12.993	39.3	19
65.28	11.914	40.9	19
65.3	11.352	41.2	19
65.32	10.94	42.9	19
65.34	10.869	42.3	19
65.36	10.939	42	19
65.38	11.156	41.7	19
65.4	11.134	38.9	19
65.42	11.008	37.2	19
65.44	10.728	34.3	19
65.46	10.427	33.9	19
65.48	10.27	33.6	19
65.5	10.269	30.6	19
65.52	10.41	28.6	19
65.54	10.502	27	19
65.56	10.575	24.8	19
65.58	10.877	22.9	19
65.6	11.19	20.3	19
65.62	11.737	17.4	19
65.64	12.212	17.1	19
65.66	12.819	16.7	19
65.68	13.223	16.4	19
65.7	13.557	20.3	19
65.72	13.927	27.3	19
65.74	13.835	31.8	19
65.76	13.511	35.6	19
65.78	13.312	37	19
65.8	13.188	37.1	19
65.82	13.426	35.6	19
65.84	13.686	38.7	19
65.86	13.645	38.1	19
65.88	13.308	40.1	19
65.9	12.849	41.8	19
65.92	12.54	42	19
65.94	12.46	41.6	19
65.96	12.54	39.2	19
65.98	12.663	35.2	19
66	12.773	34.9	19
66.02	12.689	34.7	19
66.04	12.689	36.4	19
66.06	12.621	36	19
66.08	12.569	35.6	19
66.1	12.599	35.2	19
66.12	12.647	36.6	19
66.14	12.489	41	19
66.16	12.14	49.7	19
66.18	11.511	58.4	19
66.2	11.12	69.3	19
66.22	11.065	69.6	19
66.24	11.621	59.7	19
66.26	12.281	43.4	19
66.28	12.999	33.8	19
66.3	13.283	33.7	19
66.32	13.205	33.6	19
66.34	12.936	33.5	19
66.36	12.575	36.7	19
66.38	12.495	37.7	19
66.4	12.576	37.7	19
66.42	12.837	36	19
66.44	13.301	34	19
66.46	13.928	33.3	19
66.48	14.365	32.8	19
66.5	14.777	34.3	19
66.52	15.186	33.9	19
66.54	15.284	32.3	19
66.56	15.396	33.8	19
66.58	15.584	33.2	19
66.6	15.728	31.9	19
66.62	15.836	28.7	19
66.64	15.923	29.1	19
66.66	15.916	27.9	19
66.68	15.502	27.3	19
66.7	14.889	27.5	19
66.72	14.302	27.2	19
66.74	14.316	31.9	19
66.76	14.574	33.9	19
66.78	14.769	36.3	19
66.8	14.914	44.5	19
66.82	15.239	65.3	19
66.84	15.238	104.6	19
66.86	14.447	158	19
66.88	11.831	188.3	19
66.9	9.266	196.9	19
66.92	8.886	182	19
66.94	8.506	172.5	19
66.96	8.125	148.7	19
66.98	8.248	131.6	19
67	10.04	113	19
67.02	13.047	101.9	19
67.04	14.269	100.4	19
67.06	14.593	98.9	19
67.08	15.156	97.4	19
67.1	15.794	100.6	19
67.12	16.333	101.2	19
67.14	17.043	340.86	19
67.16	17.552	351.04	19
67.18	17.766	355.32	19
67.2	18.091	361.82	19
67.22	5.135	24.2	19
67.24	5.369	25.4	19
67.26	5.977	28.5	19
67.28	6.851	30.6	19
67.3	8.995	29.6	19
67.32	9.78	28.4	19
67.34	11.298	27.9	19
67.36	12.551	29.4	19
67.38	13.445	28.4	19
67.4	14.376	27.8	19
67.42	14.877	27.1	19
67.44	15.404	26.5	19
67.46	15.624	27.1	19
67.48	15.684	29.1	19
67.5	15.47	31.1	19
67.52	15.311	33.1	19
67.54	15.41	33	19
67.56	15.692	32.5	19
67.58	15.567	31.7	19
67.6	15.402	30.9	19
67.62	15.278	30.2	19
67.64	14.997	29.9	19
67.66	14.807	29.6	19
67.68	14.421	26.3	19
67.7	14.266	24.5	19
67.72	14.248	24	19
67.74	14.19	20.4	19
67.76	14.148	20.3	19
67.78	14.329	19.4	19
67.8	14.446	19.3	19
67.82	14.579	19.8	19
67.84	14.615	24.9	19
67.86	14.536	31.6	19
67.88	14.442	44.7	19
67.9	14.505	45.1	19
67.92	14.69	51.4	19
67.94	14.605	57.8	19
67.96	14.499	64.1	19
67.98	14.394	72.1	19
68	14.288	81.8	19
68.02	14.691	69.8	19
68.04	15.651	50	19
68.06	16.423	49.3	19
68.08	16.887	48.6	19
68.1	16.92	47.9	19
68.12	16.434	56.7	19
68.14	15.642	58.9	19
68.16	15.386	58.3	19
68.18	14.666	59.4	19
68.2	14.29	61.6	19
68.22	13.896	63.3	19
68.24	13.772	65.5	19
68.26	13.544	67.9	19
68.28	13.541	64.4	19
68.3	13.479	62.1	19
68.32	13.431	62.2	19
68.34	13.079	62.6	19
68.36	12.959	63.8	19
68.38	13.054	63.7	19
68.4	13.226	62.6	19
68.42	13.188	64.4	19
68.44	13.031	65.3	19
68.46	12.877	67.1	19
68.48	12.772	66.3	19
68.5	12.708	66.6	19
68.52	12.763	64.5	19
68.54	12.892	64	19
68.56	12.972	64.5	19
68.58	13.091	66.1	19
68.6	13.174	69.5	19
68.62	13.392	69.5	19
68.64	13.532	70.2	19
68.66	13.854	70	19
68.68	13.925	68.6	19
68.7	13.854	68.8	19
68.72	13.929	70.5	19
68.74	13.925	74.5	19
68.76	13.934	74.6	19
68.78	13.993	74	19
68.8	14.389	73.4	19
68.82	14.733	72.2	19
68.84	15.2	71.4	19
68.86	15.49	74.7	19
68.88	15.673	78	19
68.9	15.735	81.4	19
68.92	15.347	100.7	19
68.94	14.954	119.8	19
68.96	16.138	142.5	19
68.98	17.835	125.2	19
69	19.031	94.2	19
69.02	19.44	73.5	19
69.04	20.231	66.7	19
69.06	20.762	64.3	19
69.08	20.79	64.4	19
69.1	21.072	75.7	19
69.12	21.375	75.8	19
69.14	21.697	72.6	19
69.16	22.429	69.4	19
69.18	22.709	66.7	19
69.2	22.365	73.5	19
69.22	21.401	77.4	19
69.24	19.971	77.3	19
69.26	19.331	81	19
69.28	18.583	79.8	19
69.3	18.312	79.4	19
69.32	18.412	74.6	19
69.34	18.671	71.2	19
69.36	18.866	69.5	19
69.38	19.424	67.8	19
69.4	19.729	66.1	19
69.42	19.868	62.9	19
69.44	20.148	62.8	19
69.46	20.166	62.7	19
69.48	19.726	62.6	19
69.5	19.142	68.7	19
69.52	17.677	74.8	19
69.54	17.025	86.7	19
69.56	16.648	88.7	19
69.58	16.642	86.6	19
69.6	16.312	84.4	19
69.62	15.711	82.3	19
69.64	14.888	83.2	19
69.66	14.202	130.8	19
69.68	14.116	176.3	19
69.7	14.029	192.1	19
69.72	13.942	159.1	19
69.74	14.7	125.3	19
69.76	14.698	89.7	19
69.78	14.546	84.9	19
69.8	14.246	83.7	19
69.82	13.979	82.4	19
69.84	13.901	81.2	19
69.86	14.171	81.7	19
69.88	14.486	79.6	19
69.9	14.837	74.7	19
69.92	15.074	67.7	19
69.94	15.094	301.88	19
69.96	15.084	301.68	19
69.98	15.034	300.68	19
70	14.821	296.42	19
70.02	5.846	60.7	19
70.04	5.563	59.9	19
70.06	5.653	59.2	19
70.08	5.507	57.2	19
70.1	5.548	52.8	19
70.12	5.744	42.1	19
70.14	5.927	40.9	19
70.16	6.045	39.7	19
70.18	6.087	38.4	19
70.2	6.219	43	19
70.22	6.408	49.9	19
70.24	6.699	56.3	19
70.26	6.926	59.5	19
70.28	7.359	60	19
70.3	7.891	62.8	19
70.32	8.691	66.3	19
70.34	9.328	67.4	19
70.36	10.034	68	19
70.38	10.645	69.6	19
70.4	11.506	70.7	19
70.42	12.173	73.6	19
70.44	12.947	75.2	19
70.46	13.519	77.4	19
70.48	14.182	76.7	19
70.5	14.546	77.5	19
70.52	14.553	79.8	19
70.54	14.364	83.1	19
70.56	14.324	85.5	19
70.58	14.523	83.9	19
70.6	14.821	78.2	19
70.62	15.056	75.1	19
70.64	15.111	71.5	19
70.66	15.004	68.9	19
70.68	14.756	68.5	19
70.7	14.61	68.3	19
70.72	14.457	68.4	19
70.74	14.413	66.2	19
70.76	14.414	61.4	19
70.78	14.565	60.2	19
70.8	14.925	59	19
70.82	15.437	56.9	19
70.84	16.086	69.6	19
70.86	16.876	82.4	19
70.88	16.578	95.1	19
70.9	15.461	131.9	19
70.92	15.119	145.7	19
70.94	14.777	170.3	19
70.96	14.436	156.3	19
70.98	18.014	142.4	19
71	19.936	115.3	19
71.02	21.232	71	19
71.04	22.071	68.4	19
71.06	22.591	65.9	19
71.08	21.995	63.4	19
71.1	20.772	63.4	19
71.12	19.62	67.8	19
71.14	17.586	88.4	19
71.16	16.249	98	19
71.18	15.319	109.6	19
71.2	14.877	105.1	19
71.22	14.768	125.5	19
71.24	15.315	145.9	19
71.26	15.232	166.3	19
71.28	13.319	224	19
71.3	9.781	234.9	19
71.32	7.602	225.1	19
71.34	5.847	224.9	19
71.36	4.24	219.5	19
71.38	3.722	187.9	19
71.4	3.559	144	19
71.42	3.508	112.4	19
71.44	3.451	97.1	19
71.46	3.367	93.7	19
71.48	3.347	93.6	19
71.5	3.401	93.5	19
71.52	3.476	94.7	19
71.54	3.527	98.6	19
71.56	3.601	99.1	19
71.58	3.743	107.5	19
71.6	3.84	109.3	19
71.62	3.805	103.7	19
71.64	6.353	101.4	19
71.66	12.418	82.5	19
71.68	16.801	81.6	19
71.7	19.458	80.6	19
71.72	20.227	76.1	19
71.74	20.246	75.8	19
71.76	20.41	75.5	19
71.78	20.447	75.2	19
71.8	20.542	73.5	19
71.82	21.276	65.7	19
71.84	22.221	64.9	19
71.86	22.809	52.4	19
71.88	23.018	50.8	19
71.9	23.055	49.1	19
71.92	22.763	47.5	19
71.94	22.524	51.9	19
71.96	22.359	69.3	19
71.98	21.827	75.9	19
72	21.648	76.4	19
72.02	21.227	79.9	19
72.04	20.515	67.6	19
72.06	20.461	62.5	19
72.08	20.558	64.7	19
72.1	20.473	57	19
72.12	20.145	46.6	19
72.14	20.037	45.8	19
72.16	19.822	44.9	19
72.18	19.208	44.1	19
72.2	18.494	45.6	19
72.22	17.875	48.9	19
72.24	17.943	37.9	19
72.26	18.187	32.4	19
72.28	17.758	32	19
72.3	17.087	31.7	19
72.32	16.916	31.4	19
72.34	16.745	31.9	19
72.36	16.574	32.6	19
72.38	17.261	31.7	19
72.4	17.907	31.7	19
72.42	18.618	38.2	19
72.44	19.103	47.3	19
72.46	19.801	54.3	19
72.48	20.668	57.9	19
72.5	20.953	55.5	19
72.52	20.713	52.4	19
72.54	19.45	48.8	19
72.56	18.183	40.4	19
72.58	17.356	34.1	19
72.6	16.773	33.5	19
72.62	16.473	26.7	19
72.64	16.126	25.4	19
72.66	15.844	24.2	19
72.68	15.897	28.9	19
72.7	16.162	33.7	19
72.72	16.982	38.4	19
72.74	17.994	359.88	19
72.76	19.529	390.58	19
72.78	21.107	422.14	19
72.8	21.493	429.86	19
72.82	6.512	76	19
72.84	12.801	57.6	19
72.86	15.296	35.9	19
72.88	17.739	35.3	19
72.9	19.017	34.7	19
72.92	19.566	34.2	19
72.94	19.11	38.6	19
72.96	18.794	41.9	19
72.98	18.782	42.2	19
73	18.676	39.2	19
73.02	18.469	34.7	19
73.04	18.359	32.2	19
73.06	18.235	29	19
73.08	18.142	24.9	19
73.1	18.141	22.6	19
73.12	18.134	23.4	19
73.14	18.246	21.5	19
73.16	18.153	18.8	19
73.18	18.09	18.7	19
73.2	17.692	18.6	19
73.22	17.304	18.5	19
73.24	16.703	17.9	19
73.26	16.373	17.3	19
73.28	16.454	16.8	19
73.3	17.036	18.7	19
73.32	17.519	25	19
73.34	18.031	25.7	19
73.36	18.563	29.9	19
73.38	19.172	39.6	19
73.4	19.936	55.9	19
73.42	20.716	60.2	19
73.44	21.496	60.4	19
73.46	21.652	56.5	19
73.48	20.92	42	19
73.5	19.753	39.2	19
73.52	19.062	37.5	19
73.54	18.896	33.9	19
73.56	19.421	32.5	19
73.58	20.18	33.5	19
73.6	20.236	36.3	19
73.62	20.419	41.7	19
73.64	20.79	53.5	19
73.66	21.365	70	19
73.68	21.558	71.9	19
73.7	21.4	64.8	19
73.72	20.764	54.7	19
73.74	19.189	53.7	19
73.76	18.117	52.7	19
73.78	17.405	51.7	19
73.8	17.624	50	19
73.82	18.511	39.4	19
73.84	19.217	33.6	19
73.86	18.694	29	19
73.88	17.341	27	19
73.9	15.925	28.1	19
73.92	15.176	26.2	19
73.94	14.828	25.7	19
73.96	14.973	25.3	19
73.98	15.47	24.9	19
74	15.865	23.5	19
74.02	16.121	21.4	19
74.04	16.005	19.9	19
74.06	15.577	19	19
74.08	15.188	18.3	19
74.1	14.895	16.3	19
74.12	15.028	16.1	19
74.14	15.357	15.9	19
74.16	15.371	15.7	19
74.18	15.487	16.6	19
74.2	15.89	18.6	19
74.22	16.292	21.5	19
74.24	16.694	20.8	19
74.26	17.703	23	19
74.28	19.117	22.8	19
74.3	20.044	23.8	19
74.32	20.899	31.3	19
74.34	21.006	37.2	19
74.36	20.587	41.7	19
74.38	19.996	45.6	19
74.4	18.933	45.7	19
74.42	17.719	41	19
74.44	16.696	32.4	19
74.46	16.415	22.8	19
74.48	16.135	19.8	19
74.5	15.855	16.3	19
74.52	15.999	16.3	19
74.54	16.225	16.2	19
74.56	16.529	16.2	19
74.58	16.939	16.8	19
74.6	17.356	21.6	19
74.62	18.023	19.9	19
74.64	18.388	19.2	19
74.66	18.296	18.9	19
74.68	17.959	20.2	19
74.7	17.748	21.5	19
74.72	17.868	22.8	19
74.74	18.273	26.4	19
74.76	18.792	30.1	19
74.78	19.454	33.7	19
74.8	20.078	35	19
74.82	20.184	35.7	19
74.84	19.689	37	19
74.86	18.437	39.3	19
74.88	17.205	41.7	19
74.9	16.142	40.3	19
74.92	15.484	36.9	19
74.94	15.219	31.9	19
74.96	15.149	29.2	19
74.98	15.142	23.7	19
75	15.073	22.5	19
75.02	15.17	20.9	19
75.04	15.353	19.3	19
75.06	15.548	19.3	19
75.08	15.719	19.2	19
75.1	15.705	19.2	19
75.12	15.891	18	19
75.14	15.973	17.9	19
75.16	16.067	17.8	19
75.18	16.115	17.6	19
75.2	16.252	24.7	19
75.22	16.823	31.7	19
75.24	17.621	38.7	19
75.26	18.501	36.6	19
75.28	18.936	29.6	19
75.3	18.805	26.9	19
75.32	17.455	24.2	19
75.34	15.981	21.5	19
75.36	14.966	18.5	19
75.38	14.588	15.9	19
75.4	14.699	14.7	19
75.42	14.902	14.4	19
75.44	15.027	14	19
75.46	15.275	13.7	19
75.48	15.486	14.1	19
75.5	15.945	15.3	19
75.52	16.178	16.4	19
75.54	16.106	322.12	19
75.56	15.809	316.18	19
75.58	15.471	309.42	19
75.6	15.114	302.28	19
75.62	2.734	27.5	19
75.64	3.656	37.4	19
75.66	4.751	37.1	19
75.68	5.28	35.8	19
75.7	6.286	29.9	19
75.72	7.508	14.3	19
75.74	7.522	11.1	19
75.76	7.43	9.9	19
75.78	7.765	8.6	19
75.8	7.418	7	19
75.82	7.141	6.2	19
75.84	7.086	5.5	19
75.86	7.121	4.3	19
75.88	7.142	2.4	19
75.9	7.244	2.1	19
75.92	7.437	3.5	19
75.94	7.677	3	19
75.96	7.854	3.5	19
75.98	7.981	5.3	19
76	8.054	6.2	19
76.02	8.443	7.9	19
76.04	8.706	8.1	19
76.06	8.994	8.2	19
76.08	9.363	8.1	19
76.1	9.925	8	19
76.12	10.538	8	19
76.14	11.435	8.4	19
76.16	12.232	9.2	19
76.18	12.929	9.2	19
76.2	13.55	9.6	19
76.22	14.048	10	19
76.24	14.588	10.4	19
76.26	15.041	12.4	19
76.28	15.539	14.7	19
76.3	16.622	23.5	19
76.32	17.198	27.1	19
76.34	17.066	32.8	19
76.36	16.458	41.2	19
76.38	15.729	88.8	19
76.4	15.701	186.7	19
76.42	14.253	213.4	19
76.44	11.302	202.9	19
76.46	8.889	197.1	19
76.48	8.606	217.4	19
76.5	8.323	240.6	19
76.52	8.04	246.6	19
76.54	8.316	244.7	19
76.56	8.591	239.9	19
76.58	8.867	235	19
76.6	13.477	230.2	19
76.62	16.092	231.5	19
76.64	17.369	248.4	19
76.66	17.633	247.9	19
76.68	15.397	240.1	19
76.7	11.679	265.6	19
76.72	10.21	303.2	19
76.74	10.014	287.2	19
76.76	9.817	282.3	19
76.78	9.621	277.4	19
76.8	10.437	272.4	19
76.82	12.892	341.4	19
76.84	12.562	332.7	19
76.86	12.232	319.1	19
76.88	11.902	386.9	19
76.9	12.062	383.3	19
76.92	14.296	366.6	19
76.94	16.104	349.9	19
76.96	19.848	333.2	19
76.98	22.72	333.4	19
77	23.093	371.3	19
77.02	25.587	381	19
77.04	26.209	382.3	19
77.06	26.198	375.6	19
77.08	26.188	351	19
77.1	26.177	348.8	19
77.12	27.764	346.4	19
77.14	28.896	352.5	19
77.16	31.604	348.1	19
77.18	31.468	358.5	19
77.2	33.07	365	19
77.22	35.075	395.2	19
77.24	34.77	388.7	19
77.26	36.029	394.8	19
77.28	38.069	312.7	19
77.3	41.765	321.8	19
77.32	44.563	311.4	19
77.34	46.735	934.7	19
77.36	49.651	993.02	19
77.38	51.587	1031.74	19
77.4	53.96	1079.2	19
77.62	5.882	133.6	19
77.64	7.835	136.9	19
77.66	9.03	99.8	19
77.68	10.528	69.2	19
77.7	13.244	65.5	19
77.72	15.63	62.5	19
77.74	16.615	60.4	19
77.76	17.02	59.4	19
77.78	16.618	102.2	19
77.8	14.628	148.5	19
77.82	12.381	218.5	19
77.84	11.948	253.2	19
77.86	11.515	272.1	19
77.88	11.082	271.7	19
77.9	11.133	228.8	19
77.92	13.279	217.1	19
77.94	14.985	215.7	19
77.96	15.234	214.3	19
77.98	14.614	212.9	19
78	13.7	232.1	19
78.02	11.511	284	19
78.04	10.006	280.6	19
78.06	9.94	277.2	19
78.08	9.875	273.9	19
78.1	9.81	268.9	19
78.12	10.517	264	19
78.14	9.932	259	19
78.16	8.861	260	19
78.18	8.711	261	19
78.2	8.561	262	19
78.22	8.41	247.2	19
78.24	8.508	215.2	19
78.26	8.977	197.9	19
78.28	11.814	178.7	19
78.3	13.048	175.5	19
78.32	13.268	172.2	19
78.34	14.029	168.9	19
78.36	15.018	185.8	19
78.38	15.832	165.7	19
78.4	16.241	99.1	19
78.42	16.397	71.5	19
78.44	16.685	70.5	19
78.46	16.479	69.4	19
78.48	15.623	78.3	19
78.5	14.896	87.1	19
78.52	13.946	95.9	19
78.54	13.354	128.5	19
78.56	13.344	171	19
78.58	14.048	169.3	19
78.6	15.007	167.6	19
78.62	15.617	165.8	19
78.64	16.357	175.1	19
78.66	17.55	146.5	19
78.68	18.78	117.8	19
78.7	19.262	107.9	19
78.72	19.928	106.2	19
78.74	21.147	104.6	19
78.76	21.914	102.9	19
78.78	22.312	105.4	19
78.8	22.221	104.4	19
78.82	22.076	120.5	19
78.84	21.644	148.1	19
78.86	21.225	171.8	19
78.88	21.829	212.4	19
78.9	22.845	233.8	19
78.92	23.423	236.4	19
78.94	23.396	191.7	19
78.96	23.876	123.7	19
78.98	24.291	92.6	19
79	24.891	76.8	19
79.02	25.101	74.4	19
79.04	25.248	70.1	19
79.06	25.344	68.3	19
79.08	25.157	66.6	19
79.1	24.688	64.8	19
79.12	24.079	66.3	19
79.14	23.643	74.6	19
79.16	23.203	79	19
79.18	22.822	78.4	19
79.2	22.67	86.2	19
79.22	22.425	104.2	19
79.24	22.156	102.5	19
79.26	21.991	87.2	19
79.28	21.942	71.5	19
79.3	21.752	68	19
79.32	21.437	70.4	19
79.34	20.977	88.1	19
79.36	20.439	125.2	19
79.38	20.574	166.9	19
79.4	21.565	212.4	19
79.42	22.01	223.6	19
79.44	21.891	217.2	19
79.46	21.322	245.5	19
79.48	21.019	245.1	19
79.5	20.125	191	19
79.52	20.357	223.9	19
79.54	20.589	179.9	19
79.56	20.821	114.4	19
79.58	20.941	111.3	19
79.6	21.156	108.2	19
79.62	21.144	105.1	19
79.64	20.808	106.1	19
79.66	20.591	113.2	19
79.68	20.781	123.4	19
79.7	21.633	130.4	19
79.72	21.846	128.7	19
79.74	21.696	164.6	19
79.76	21.481	202.7	19
79.78	20.897	214.9	19
79.8	19.935	213.7	19
79.82	18.716	230.8	19
79.84	18.139	239.6	19
79.86	18.366	237.1	19
79.88	18.122	234.7	19
79.9	15.207	232.3	19
79.92	14.759	204.5	19
79.94	14.311	192.1	19
79.96	13.863	190.5	19
79.98	13.925	188.8	19
80	15.861	187.2	19
80.02	15.191	191.9	19
80.04	13.578	199.4	19
80.06	10.933	215.8	19
80.08	10.393	233.6	19
80.1	9.929	234.7	19
80.12	11.795	219	19
80.14	14.436	200.5	19
80.16	17.147	181.8	19
80.18	18.3	117.6	19
80.2	18.943	61.7	19
80.22	19.163	59	19
80.24	18.852	56.3	19
80.26	18.019	53.5	19
80.28	17.396	52.6	19
80.3	17.183	55.5	19
80.32	17.673	59.7	19
80.34	18.369	367.38	19
80.36	18.401	368.02	19
80.38	18.177	363.54	19
80.4	17.963	359.26	19
80.42	3.052	66.4	19
80.44	4.691	120.7	19
80.46	5.672	142.6	19
80.48	5.801	157.2	19
80.5	6.039	138.8	19
80.52	7.145	123.3	19
80.54	8.902	96.1	19
80.56	10.337	71.2	19
80.58	10.327	41.7	19
80.6	9.694	39.8	19
80.62	8.323	41.4	19
80.64	7.07	43	19
80.66	6.843	44.6	19
80.68	6.616	51.8	19
80.7	6.388	50.9	19
80.72	6.45	51.7	19
80.74	7.206	52.1	19
80.76	8.003	52.5	19
80.78	9.435	52.9	19
80.8	10.971	55.6	19
80.82	13.016	61.8	19
80.84	14.047	76	19
80.86	14.402	96.1	19
80.88	14.636	113.1	19
80.9	15.23	114.6	19
80.92	16.497	129.2	19
80.94	17.613	143.8	19
80.96	18.351	158.4	19
80.98	17.362	235.1	19
81	14.341	236	19
81.02	12.351	245.4	19
81.04	11.178	254.7	19
81.06	11.015	264	19
81.08	10.852	295.2	19
81.1	10.688	322.8	19
81.12	11.424	317.1	19
81.14	13.456	310.9	19
81.16	15.523	269.8	19
81.18	16.912	195.3	19
81.2	17.795	100	19
81.22	18.893	70.9	19
81.24	19.421	64.4	19
81.26	19.264	63.3	19
81.28	18.697	62.5	19
81.3	18.146	65	19
81.32	18.172	65.3	19
81.34	18.62	68.2	19
81.36	19.699	69.8	19
81.38	20.59	67.4	19
81.4	21.52	66.8	19
81.42	21.681	66.2	19
81.44	21.438	65.6	19
81.46	20.914	75.7	19
81.48	20.619	76	19
81.5	20.615	82.4	19
81.52	20.89	91.1	19
81.54	20.599	89.3	19
81.56	19.86	87.7	19
81.58	19.277	86.1	19
81.6	19.224	84.5	19
81.62	19.175	107	19
81.64	19.059	124.6	19
81.66	18.532	133.2	19
81.68	18.177	134.1	19
81.7	17.822	140.6	19
81.72	17.467	135.2	19
81.74	17.514	120.1	19
81.76	18.542	102.2	19
81.78	19.512	66.4	19
81.8	20.213	61.4	19
81.82	20.219	56.3	19
81.84	19.705	55.9	19
81.86	19.487	55.5	19
81.88	19.525	55	19
81.9	19.774	53.8	19
81.92	19.943	52.6	19
81.94	20.053	51.4	19
81.96	19.885	51.6	19
81.98	19.724	51.7	19
82	19.389	51.9	19
82.02	18.375	53.5	19
82.04	17.563	58.6	19
82.06	17.088	82.6	19
82.08	17.156	104.8	19
82.1	18.022	107.1	19
82.12	19.355	118.9	19
82.14	19.793	130.7	19
82.16	19.709	142.5	19
82.18	19.2	177.4	19
82.2	18.35	237.8	19
82.22	17.578	281.6	19
82.24	17.384	355.1	19
82.26	17.342	343.1	19
82.28	16.963	310.8	19
82.3	16.352	309.8	19
82.32	15.787	295	19
82.34	16.261	239.6	19
82.36	17.824	195.4	19
82.38	19.066	140	19
82.4	19.603	111.3	19
82.42	19.921	97.7	19
82.44	20.029	94.8	19
82.46	19.104	91.8	19
82.48	18.609	88.8	19
82.5	18.47	82.8	19
82.52	18.596	75	19
82.54	19.113	70.6	19
82.56	19.345	66	19
82.58	19.295	61.3	19
82.6	18.96	60.2	19
82.62	18.725	58.4	19
82.64	18.206	66.5	19
82.66	17.671	106.5	19
82.68	17.062	144.1	19
82.7	16.647	188.4	19
82.72	17.144	240.6	19
82.74	18.096	287.4	19
82.76	18.308	276	19
82.78	18.766	252.9	19
82.8	19.051	229.7	19
82.82	18.556	228.7	19
82.84	16.546	227.7	19
82.86	16.507	226.8	19
82.88	16.467	216.7	19
82.9	16.428	173.9	19
82.92	17.113	89.1	19
82.94	18.168	82.1	19
82.96	18.596	75	19
82.98	18.5	68	19
83	17.641	64.3	19
83.02	17.277	54.6	19
83.04	17.112	44.1	19
83.06	17.253	42.7	19
83.08	17.037	41.4	19
83.1	16.636	40	19
83.12	16.625	42	19
83.14	17.292	345.84	19
83.16	18.147	362.94	19
83.18	19.01	380.2	19
83.2	19.96	399.2	19
83.22	2.885	34.3	19
83.24	4.735	33.6	19
83.26	8.966	40.9	19
83.28	11.9	51.8	19
83.3	14.257	62.5	19
83.32	15.186	68.3	19
83.34	16.224	85.9	19
83.36	16.905	101.6	19
83.38	17.714	102.8	19
83.4	18.432	88	19
83.42	19.605	63.2	19
83.44	20.008	62.8	19
83.46	20.216	62.4	19
83.48	19.859	62.1	19
83.5	18.915	81.9	19
83.52	18.077	146	19
83.54	17.059	192	19
83.56	16.912	225.2	19
83.58	16.765	265.9	19
83.6	16.617	287.1	19
83.62	16.471	291.8	19
83.64	14.974	296.5	19
83.66	13.23	301.2	19
83.68	13.152	289	19
83.7	13.075	215.9	19
83.72	12.998	153.4	19
83.74	15.217	147.5	19
83.76	16.221	141.5	19
83.78	16.018	135.5	19
83.8	15.559	132.9	19
83.82	15.719	165.5	19
83.84	17.029	203.9	19
83.86	16.563	227.6	19
83.88	13.763	235.5	19
83.9	10.896	226.8	19
83.92	9.529	234.5	19
83.94	8.528	243	19
83.96	7.721	251.8	19
83.98	7.651	271.7	19
84	7.582	272.9	19
84.02	7.512	275.2	19
84.04	7.812	277.5	19
84.06	8.309	279.8	19
84.08	7.79	274.5	19
84.1	7.509	269.3	19
84.12	7.228	264.1	19
84.14	6.948	262.6	19
84.16	10.178	261.2	19
84.18	11.586	259.3	19
84.2	11.245	239.1	19
84.22	10.863	239	19
84.24	10.132	238.9	19
84.26	9.716	238.8	19
84.28	9.878	246	19
84.3	11.192	206.8	19
84.32	13.39	162.6	19
84.34	14.895	108.7	19
84.36	15.464	83.6	19
84.38	15.75	70.6	19
84.4	15.74	68.1	19
84.42	15.616	65.7	19
84.44	15.921	63.2	19
84.46	16.463	64.7	19
84.48	17.112	70.3	19
84.5	17.765	84	19
84.52	18.159	82.9	19
84.54	18.777	89.9	19
84.56	19.177	96.9	19
84.58	18.655	103.9	19
84.6	17.563	128.7	19
84.62	15.859	140.2	19
84.64	14.889	149.2	19
84.66	14.537	159.6	19
84.68	13.655	159.6	19
84.7	12.946	143.3	19
84.72	12.016	139	19
84.74	10.733	134.6	19
84.76	8.895	130.3	19
84.78	6.614	134.1	19
84.8	4.85	148	19
84.82	3.171	134.8	19
84.84	2.618	121.6	19
84.86	2.534	119.3	19
84.88	2.45	116.9	19
84.9	2.365	114.6	19
84.92	3.345	117.7	19
84.94	3.769	142.4	19
84.96	4.021	161.4	19
84.98	4.206	178.3	19
85	4.116	178.6	19
85.02	4.12	175.6	19
85.04	4.828	152.9	19
85.06	6.07	120.6	19
85.08	8.17	105.1	19
85.1	9.174	91.5	19
85.12	10.154	75.4	19
85.14	11.818	64.7	19
85.16	12.913	60	19
85.18	13.909	54.9	19
85.2	15.164	50.2	19
85.22	16.525	48.5	19
85.24	17.491	48.9	19
85.26	18.264	63.2	19
85.28	19.319	75.4	19
85.3	20.147	93.3	19
85.32	20.823	94	19
85.34	21.763	84.1	19
85.36	22.813	74.9	19
85.38	24.12	72.2	19
85.4	24.701	69.4	19
85.42	24.86	66.7	19
85.44	25.004	67.1	19
85.46	24.58	71.1	19
85.48	24.09	93.4	19
85.5	23.424	98.2	19
85.52	22.514	131.1	19
85.54	22.112	164.1	19
85.56	19.458	197	19
85.58	14.581	213.8	19
85.6	13.346	232.5	19
85.62	12.11	251.2	19
85.64	10.875	269.9	19
85.66	9.413	247.3	19
85.68	7.334	242.6	19
85.7	6.894	237.9	19
85.72	6.809	233.2	19
85.74	6.724	231.7	19
85.76	6.639	231.7	19
85.78	7.358	228	19
85.8	9.156	218.3	19
85.82	11.656	208.6	19
85.84	13.458	198.9	19
85.86	14.181	202.5	19
85.88	15.025	201.1	19
85.9	16.004	190.2	19
85.92	17.108	163.6	19